transaction_id,atm_location,transaction_type,amount,transaction_time,customer_id,status
REAL000001,Shopping Mall,withdrawal,60.0,2026-03-07 16:01:05.129869,CUST6578,success
REAL000002,University Campus,balance_check,0.0,2026-03-11 08:45:05.130241,CUST7949,success
REAL000003,Shopping Mall,withdrawal,20.0,2026-03-17 15:57:05.130529,CUST3558,success
REAL000004,University Campus,withdrawal,300.0,2026-04-03 23:54:05.130810,CUST2528,success
REAL000005,Airport Terminal,withdrawal,500.0,2026-03-29 18:00:05.130980,CUST8513,failed
REAL000006,Downtown Branch,withdrawal,300.0,2026-03-03 18:02:05.131152,CUST2585,success
REAL000007,Airport Terminal,withdrawal,80.0,2026-04-13 23:15:05.131310,CUST6675,failed
REAL000008,Downtown Branch,deposit,268.14,2026-04-06 08:38:05.131441,CUST8869,success
REAL000009,University Campus,balance_check,0.0,2026-04-01 22:22:05.175565,CUST7331,success
REAL000010,University Campus,withdrawal,500.0,2026-04-05 03:24:05.175788,CUST3695,success
REAL000011,Hospital Complex,balance_check,0.0,2026-04-02 17:01:05.175949,CUST4561,success
REAL000012,Hospital Complex,withdrawal,100.0,2026-04-13 04:00:05.176089,CUST3731,success
REAL000013,Airport Terminal,withdrawal,200.0,2026-04-18 15:34:05.176250,CUST1502,success
REAL000014,University Campus,balance_check,0.0,2026-03-24 06:00:05.176381,CUST2484,success
REAL000015,Hospital Complex,withdrawal,200.0,2026-03-01 15:17:05.176515,CUST2678,success
REAL000016,Airport Terminal,withdrawal,200.0,2026-04-07 08:37:05.176646,CUST3693,success
REAL000017,Downtown Branch,deposit,716.26,2026-03-31 02:39:05.176814,CUST8392,success
REAL000018,Shopping Mall,withdrawal,100.0,2026-02-21 17:17:05.176958,CUST5413,success
REAL000019,Downtown Branch,deposit,714.09,2026-03-07 03:45:05.177113,CUST4763,success
REAL000020,Downtown Branch,withdrawal,160.0,2026-02-26 15:57:05.177255,CUST1698,success
REAL000021,Airport Terminal,withdrawal,500.0,2026-02-24 18:46:05.177439,CUST6172,success
REAL000022,Shopping Mall,balance_check,0.0,2026-03-18 15:14:05.177593,CUST9958,success
REAL000023,Downtown Branch,withdrawal,180.0,2026-02-27 07:35:05.177698,CUST5282,success
REAL000024,University Campus,withdrawal,200.0,2026-03-31 03:10:05.177854,CUST3911,success
REAL000025,Downtown Branch,deposit,361.29,2026-03-10 15:30:05.178007,CUST6534,success
REAL000026,University Campus,balance_check,0.0,2026-04-13 09:53:05.178120,CUST3049,success
REAL000027,Shopping Mall,deposit,458.54,2026-04-15 00:32:05.178229,CUST3255,success
REAL000028,University Campus,deposit,1716.76,2026-02-24 12:13:05.178350,CUST5199,success
REAL000029,Airport Terminal,transfer,319.72,2026-03-26 03:34:05.178489,CUST3869,success
REAL000030,Shopping Mall,withdrawal,160.0,2026-03-14 15:36:05.178626,CUST5496,success
REAL000031,Hospital Complex,withdrawal,100.0,2026-02-19 18:18:05.178787,CUST9754,success
REAL000032,University Campus,withdrawal,200.0,2026-03-30 10:39:05.178917,CUST8996,success
REAL000033,Shopping Mall,transfer,496.45,2026-03-01 18:52:05.179073,CUST2060,success
REAL000034,Hospital Complex,withdrawal,500.0,2026-03-04 19:16:05.179188,CUST1980,success
REAL000035,Airport Terminal,withdrawal,500.0,2026-04-17 02:51:05.179357,CUST8455,success
REAL000036,Shopping Mall,deposit,1507.46,2026-03-23 23:27:05.179520,CUST8343,success
REAL000037,Downtown Branch,withdrawal,200.0,2026-03-24 23:34:05.179657,CUST5780,success
REAL000038,Airport Terminal,withdrawal,400.0,2026-03-05 03:53:05.179810,CUST6919,success
REAL000039,Downtown Branch,withdrawal,100.0,2026-03-26 03:11:05.179964,CUST5777,success
REAL000040,Hospital Complex,withdrawal,300.0,2026-03-07 14:32:05.180092,CUST6222,success
REAL000041,Hospital Complex,withdrawal,200.0,2026-02-27 03:39:05.180247,CUST5465,success
REAL000042,Hospital Complex,withdrawal,140.0,2026-04-02 23:13:05.180414,CUST9308,success
REAL000043,Downtown Branch,withdrawal,500.0,2026-04-07 22:16:05.180569,CUST8404,success
REAL000044,Shopping Mall,withdrawal,120.0,2026-03-11 16:04:05.180722,CUST8253,success
REAL000045,University Campus,withdrawal,400.0,2026-04-15 03:22:05.180880,CUST7617,success
REAL000046,University Campus,withdrawal,20.0,2026-03-17 18:39:05.181033,CUST3849,success
REAL000047,Airport Terminal,withdrawal,180.0,2026-04-01 03:11:05.181184,CUST7303,success
REAL000048,Shopping Mall,withdrawal,40.0,2026-04-07 12:19:05.181313,CUST6732,success
REAL000049,Airport Terminal,withdrawal,100.0,2026-03-10 15:59:05.181483,CUST9945,success
REAL000050,Airport Terminal,balance_check,0.0,2026-04-12 03:40:05.181636,CUST9306,success
REAL000051,Hospital Complex,withdrawal,400.0,2026-02-26 03:19:05.181768,CUST8164,success
REAL000052,University Campus,balance_check,0.0,2026-04-11 02:45:05.181923,CUST6073,failed
REAL000053,Downtown Branch,deposit,915.09,2026-03-27 18:37:05.182164,CUST3914,success
REAL000054,University Campus,withdrawal,100.0,2026-03-30 15:21:05.182448,CUST1395,success
REAL000055,Shopping Mall,withdrawal,500.0,2026-04-07 18:00:05.182599,CUST6486,success
REAL000056,Downtown Branch,withdrawal,100.0,2026-04-08 03:44:05.182777,CUST2062,success
REAL000057,Shopping Mall,withdrawal,140.0,2026-03-11 18:55:05.182932,CUST9010,success
REAL000058,Hospital Complex,withdrawal,40.0,2026-04-10 03:11:05.183089,CUST2191,success
REAL000059,Hospital Complex,withdrawal,40.0,2026-02-20 16:07:05.183246,CUST2365,failed
REAL000060,Shopping Mall,balance_check,0.0,2026-03-26 05:24:05.183403,CUST7588,success
REAL000061,Airport Terminal,withdrawal,140.0,2026-04-09 17:43:05.183552,CUST4709,success
REAL000062,Downtown Branch,balance_check,0.0,2026-03-10 03:30:05.183722,CUST2214,success
REAL000063,Hospital Complex,withdrawal,300.0,2026-03-18 03:31:05.183851,CUST2852,failed
REAL000064,Downtown Branch,deposit,580.68,2026-03-30 03:58:05.184005,CUST7190,success
REAL000065,Downtown Branch,withdrawal,200.0,2026-03-19 18:08:05.184148,CUST8114,success
REAL000066,University Campus,withdrawal,200.0,2026-04-11 15:31:05.184304,CUST7819,success
REAL000067,Downtown Branch,withdrawal,500.0,2026-02-28 23:41:05.184457,CUST6320,failed
REAL000068,Airport Terminal,withdrawal,500.0,2026-03-22 16:21:05.184611,CUST8026,success
REAL000069,Hospital Complex,withdrawal,400.0,2026-03-25 22:07:05.184740,CUST2015,success
REAL000070,Shopping Mall,withdrawal,200.0,2026-03-18 16:22:05.184915,CUST7938,success
REAL000071,University Campus,withdrawal,20.0,2026-03-10 03:34:05.185071,CUST3000,success
REAL000072,Shopping Mall,withdrawal,200.0,2026-04-16 16:16:05.185238,CUST8245,success
REAL000073,Airport Terminal,withdrawal,400.0,2026-03-06 02:56:05.185416,CUST4419,success
REAL000074,Downtown Branch,withdrawal,300.0,2026-02-21 03:35:05.185573,CUST2077,success
REAL000075,Shopping Mall,withdrawal,300.0,2026-03-02 19:22:05.185710,CUST5530,success
REAL000076,Airport Terminal,withdrawal,120.0,2026-03-13 10:19:05.185845,CUST2331,success
REAL000077,University Campus,withdrawal,400.0,2026-04-04 18:39:05.186024,CUST1137,success
REAL000078,Hospital Complex,withdrawal,500.0,2026-04-03 02:49:05.186159,CUST7269,success
REAL000079,University Campus,withdrawal,40.0,2026-02-28 02:22:05.186314,CUST9472,success
REAL000080,Hospital Complex,transfer,621.84,2026-03-24 09:40:05.186455,CUST6124,success
REAL000081,Airport Terminal,withdrawal,180.0,2026-03-28 23:48:05.186602,CUST8240,success
REAL000082,Downtown Branch,withdrawal,60.0,2026-03-28 18:22:05.186757,CUST2276,success
REAL000083,Airport Terminal,withdrawal,300.0,2026-02-22 21:47:05.186887,CUST1364,success
REAL000084,Shopping Mall,balance_check,0.0,2026-02-28 04:02:05.187046,CUST6870,success
REAL000085,University Campus,withdrawal,40.0,2026-03-12 15:34:05.187177,CUST9905,success
REAL000086,Downtown Branch,withdrawal,100.0,2026-03-28 15:43:05.187332,CUST8561,success
REAL000087,Downtown Branch,withdrawal,200.0,2026-04-01 23:22:05.187497,CUST7891,success
REAL000088,Hospital Complex,withdrawal,200.0,2026-04-13 23:17:05.187660,CUST4812,success
REAL000089,Shopping Mall,withdrawal,100.0,2026-03-28 15:48:05.187788,CUST4517,success
REAL000090,University Campus,withdrawal,180.0,2026-02-24 03:00:05.187944,CUST6342,success
REAL000091,Shopping Mall,deposit,1652.44,2026-03-22 16:58:05.188073,CUST6560,success
REAL000092,University Campus,withdrawal,300.0,2026-04-12 01:43:05.188192,CUST9915,success
REAL000093,Shopping Mall,withdrawal,100.0,2026-03-04 03:08:05.188349,CUST7988,success
REAL000094,Hospital Complex,withdrawal,20.0,2026-03-01 03:13:05.188506,CUST6287,failed
REAL000095,Shopping Mall,balance_check,0.0,2026-03-14 12:00:05.188641,CUST8984,success
REAL000096,Shopping Mall,deposit,1982.77,2026-03-01 00:55:05.188755,CUST3560,success
REAL000097,Shopping Mall,withdrawal,300.0,2026-02-18 14:40:05.188874,CUST5820,success
REAL000098,Airport Terminal,deposit,700.77,2026-04-06 02:43:05.189031,CUST7943,success
REAL000099,Airport Terminal,withdrawal,100.0,2026-03-27 23:54:05.189168,CUST2997,success
REAL000100,Airport Terminal,withdrawal,100.0,2026-03-12 02:18:05.189322,CUST6567,success
REAL000101,Hospital Complex,balance_check,0.0,2026-03-17 15:17:05.189490,CUST2120,success
REAL000102,Downtown Branch,withdrawal,300.0,2026-03-17 14:05:05.189595,CUST7028,success
REAL000103,University Campus,withdrawal,300.0,2026-03-26 15:17:05.189756,CUST3891,success
REAL000104,Shopping Mall,withdrawal,100.0,2026-02-27 17:33:05.189886,CUST7166,success
REAL000105,University Campus,withdrawal,180.0,2026-04-07 15:43:05.190050,CUST4531,success
REAL000106,Airport Terminal,withdrawal,200.0,2026-04-14 15:13:05.190212,CUST7024,success
REAL000107,Hospital Complex,deposit,956.59,2026-03-10 16:28:05.190366,CUST4417,success
REAL000108,Hospital Complex,withdrawal,100.0,2026-03-27 14:12:05.190479,CUST8112,success
REAL000109,Downtown Branch,withdrawal,100.0,2026-02-27 02:12:05.190613,CUST2625,success
REAL000110,Shopping Mall,withdrawal,500.0,2026-04-13 10:51:05.190749,CUST5971,success
REAL000111,Downtown Branch,withdrawal,120.0,2026-03-26 14:44:05.190885,CUST5380,success
REAL000112,University Campus,balance_check,0.0,2026-03-22 17:19:05.191041,CUST4432,success
REAL000113,Shopping Mall,withdrawal,200.0,2026-03-22 22:29:05.191178,CUST9058,success
REAL000114,Shopping Mall,withdrawal,200.0,2026-03-05 19:40:05.191312,CUST7645,success
REAL000115,Shopping Mall,withdrawal,80.0,2026-03-12 22:18:05.191485,CUST5873,success
REAL000116,Hospital Complex,withdrawal,60.0,2026-02-18 17:36:05.191638,CUST1832,success
REAL000117,Hospital Complex,withdrawal,200.0,2026-03-28 02:10:05.191795,CUST7722,success
REAL000118,Shopping Mall,balance_check,0.0,2026-04-11 21:35:05.191924,CUST5547,failed
REAL000119,Downtown Branch,withdrawal,400.0,2026-03-29 14:55:05.192032,CUST3198,success
REAL000120,Hospital Complex,withdrawal,200.0,2026-03-31 20:33:05.192164,CUST7035,success
REAL000121,Downtown Branch,withdrawal,300.0,2026-04-16 15:46:05.192328,CUST8083,success
REAL000122,Downtown Branch,withdrawal,200.0,2026-03-06 15:45:05.192485,CUST4186,failed
REAL000123,University Campus,withdrawal,100.0,2026-04-17 16:24:05.192639,CUST7809,success
REAL000124,University Campus,withdrawal,500.0,2026-03-28 02:32:05.192797,CUST9232,success
REAL000125,Airport Terminal,balance_check,0.0,2026-03-25 18:31:05.192952,CUST1341,success
REAL000126,Airport Terminal,withdrawal,200.0,2026-04-13 15:42:05.193081,CUST3969,success
REAL000127,University Campus,withdrawal,200.0,2026-03-04 17:07:05.193234,CUST6490,success
REAL000128,Shopping Mall,withdrawal,200.0,2026-03-10 22:58:05.193387,CUST2333,success
REAL000129,University Campus,balance_check,0.0,2026-02-24 17:47:05.193554,CUST9942,success
REAL000130,Airport Terminal,withdrawal,200.0,2026-03-07 18:52:05.193692,CUST8617,success
REAL000131,Shopping Mall,withdrawal,200.0,2026-04-03 04:08:05.193845,CUST2252,success
REAL000132,Downtown Branch,withdrawal,100.0,2026-03-12 15:35:05.193999,CUST4004,success
REAL000133,Hospital Complex,withdrawal,500.0,2026-03-01 13:22:05.194128,CUST2750,success
REAL000134,Airport Terminal,withdrawal,160.0,2026-04-13 21:01:05.194265,CUST9680,success
REAL000135,Airport Terminal,withdrawal,500.0,2026-03-18 21:59:05.194398,CUST1390,success
REAL000136,Airport Terminal,deposit,1945.01,2026-04-10 17:18:05.194555,CUST4294,success
REAL000137,Shopping Mall,withdrawal,200.0,2026-03-16 05:51:05.194667,CUST3667,success
REAL000138,Downtown Branch,withdrawal,200.0,2026-03-14 03:26:05.194823,CUST6468,success
REAL000139,Shopping Mall,withdrawal,400.0,2026-03-17 16:53:05.194983,CUST4241,success
REAL000140,University Campus,withdrawal,500.0,2026-04-06 13:56:05.195113,CUST3032,success
REAL000141,Downtown Branch,deposit,1969.76,2026-02-21 18:53:05.195275,CUST9190,success
REAL000142,University Campus,withdrawal,100.0,2026-03-20 16:20:05.195414,CUST1145,success
REAL000143,University Campus,transfer,456.38,2026-04-19 03:16:05.195584,CUST2828,success
REAL000144,Hospital Complex,transfer,889.99,2026-02-19 02:03:05.195696,CUST8878,success
REAL000145,Airport Terminal,withdrawal,200.0,2026-03-31 04:40:05.195812,CUST8274,success
REAL000146,Hospital Complex,balance_check,0.0,2026-03-02 02:11:05.195976,CUST9245,success
REAL000147,Shopping Mall,withdrawal,180.0,2026-04-10 19:34:05.196081,CUST8312,success
REAL000148,Hospital Complex,withdrawal,180.0,2026-03-12 16:56:05.196243,CUST2290,success
REAL000149,Airport Terminal,withdrawal,20.0,2026-02-20 09:41:05.196374,CUST1954,success
REAL000150,Airport Terminal,balance_check,0.0,2026-03-13 03:01:05.196534,CUST9228,success
REAL000151,Hospital Complex,deposit,1040.78,2026-04-14 17:56:05.196672,CUST3162,success
REAL000152,Shopping Mall,withdrawal,400.0,2026-03-10 12:35:05.196787,CUST3383,success
REAL000153,Downtown Branch,balance_check,0.0,2026-02-19 15:21:05.196954,CUST5286,success
REAL000154,Airport Terminal,transfer,492.2,2026-04-15 02:26:05.197083,CUST8561,success
REAL000155,Hospital Complex,withdrawal,300.0,2026-03-20 15:30:05.197194,CUST1294,success
REAL000156,Hospital Complex,withdrawal,40.0,2026-03-24 03:20:05.197355,CUST2007,success
REAL000157,Hospital Complex,transfer,374.78,2026-04-09 16:28:05.197617,CUST6084,success
REAL000158,Downtown Branch,withdrawal,100.0,2026-03-18 16:33:05.197763,CUST9073,success
REAL000159,University Campus,deposit,1981.28,2026-02-23 03:10:05.197925,CUST9954,success
REAL000160,Shopping Mall,withdrawal,100.0,2026-04-12 16:40:05.198090,CUST4356,success
REAL000161,University Campus,withdrawal,300.0,2026-04-07 09:28:05.198224,CUST2823,success
REAL000162,University Campus,withdrawal,500.0,2026-03-28 17:58:05.198380,CUST1988,success
REAL000163,Shopping Mall,transfer,772.09,2026-03-13 20:10:05.198509,CUST8424,success
REAL000164,University Campus,withdrawal,200.0,2026-03-16 16:34:05.198683,CUST3255,success
REAL000165,Airport Terminal,withdrawal,60.0,2026-03-26 02:52:05.198845,CUST7342,success
REAL000166,Downtown Branch,deposit,1271.64,2026-02-26 03:45:05.198998,CUST2875,success
REAL000167,Shopping Mall,withdrawal,100.0,2026-02-22 02:47:05.199136,CUST4788,success
REAL000168,Hospital Complex,withdrawal,200.0,2026-03-20 18:51:05.199292,CUST9920,success
REAL000169,Downtown Branch,balance_check,0.0,2026-03-10 07:01:05.199421,CUST7731,success
REAL000170,Airport Terminal,withdrawal,200.0,2026-04-03 21:15:05.199545,CUST9032,success
REAL000171,Airport Terminal,withdrawal,20.0,2026-04-07 03:39:05.199701,CUST8014,success
REAL000172,Hospital Complex,withdrawal,200.0,2026-04-04 17:35:05.199867,CUST7082,success
REAL000173,Airport Terminal,withdrawal,200.0,2026-04-14 04:00:05.200003,CUST4389,success
REAL000174,Airport Terminal,balance_check,0.0,2026-02-19 22:02:05.200142,CUST1021,success
REAL000175,University Campus,withdrawal,200.0,2026-03-09 17:27:05.200274,CUST2560,success
REAL000176,Shopping Mall,withdrawal,80.0,2026-02-23 17:23:05.200404,CUST8979,success
REAL000177,Airport Terminal,transfer,976.05,2026-03-28 17:32:05.200561,CUST9946,success
REAL000178,Hospital Complex,balance_check,0.0,2026-04-05 03:36:05.200705,CUST1158,success
REAL000179,University Campus,balance_check,0.0,2026-03-13 16:05:05.200832,CUST7295,success
REAL000180,Airport Terminal,withdrawal,120.0,2026-03-09 18:33:05.200960,CUST2394,success
REAL000181,Airport Terminal,withdrawal,300.0,2026-04-16 23:24:05.201120,CUST4591,success
REAL000182,Hospital Complex,withdrawal,180.0,2026-03-08 17:25:05.201280,CUST5648,success
REAL000183,Downtown Branch,withdrawal,100.0,2026-03-03 15:55:05.201476,CUST9219,success
REAL000184,Shopping Mall,withdrawal,120.0,2026-04-18 17:29:05.201650,CUST4081,success
REAL000185,University Campus,withdrawal,300.0,2026-04-10 02:40:05.201809,CUST6895,success
REAL000186,University Campus,withdrawal,200.0,2026-02-24 17:49:05.201962,CUST4568,success
REAL000187,Airport Terminal,deposit,491.1,2026-03-22 12:22:05.202092,CUST1968,success
REAL000188,Hospital Complex,withdrawal,140.0,2026-03-21 16:08:05.202235,CUST2229,success
REAL000189,Downtown Branch,balance_check,0.0,2026-02-28 22:45:05.202397,CUST8473,success
REAL000190,University Campus,withdrawal,160.0,2026-03-20 05:13:05.202504,CUST7294,success
REAL000191,Downtown Branch,withdrawal,200.0,2026-04-03 23:19:05.202661,CUST7812,failed
REAL000192,Airport Terminal,balance_check,0.0,2026-03-28 15:22:05.202827,CUST7089,success
REAL000193,Downtown Branch,deposit,1560.19,2026-03-25 03:01:05.202964,CUST5909,success
REAL000194,Hospital Complex,balance_check,0.0,2026-04-01 11:38:05.203076,CUST9125,success
REAL000195,Hospital Complex,deposit,1987.34,2026-04-13 16:00:05.203205,CUST4230,success
REAL000196,Airport Terminal,withdrawal,200.0,2026-03-17 08:31:05.203325,CUST2000,success
REAL000197,Downtown Branch,withdrawal,200.0,2026-04-18 15:45:05.203557,CUST5806,success
REAL000198,Airport Terminal,withdrawal,200.0,2026-03-21 22:44:05.203734,CUST8010,success
REAL000199,Airport Terminal,withdrawal,200.0,2026-04-17 17:23:05.203894,CUST2177,success
REAL000200,Airport Terminal,withdrawal,160.0,2026-03-03 03:32:05.204078,CUST7570,success
REAL000201,Shopping Mall,withdrawal,400.0,2026-02-24 02:53:05.204236,CUST5146,success
REAL000202,University Campus,withdrawal,160.0,2026-03-28 15:50:05.204414,CUST4610,success
REAL000203,Hospital Complex,withdrawal,200.0,2026-04-12 09:53:05.204558,CUST7787,success
REAL000204,Downtown Branch,deposit,1619.58,2026-04-13 01:38:05.204694,CUST9105,success
REAL000205,Hospital Complex,withdrawal,300.0,2026-03-30 16:05:05.204841,CUST7284,success
REAL000206,Airport Terminal,withdrawal,100.0,2026-03-28 16:41:05.204997,CUST6752,success
REAL000207,Shopping Mall,withdrawal,100.0,2026-03-27 04:53:05.205125,CUST4683,success
REAL000208,Downtown Branch,withdrawal,140.0,2026-04-01 17:50:05.205282,CUST1482,success
REAL000209,University Campus,withdrawal,20.0,2026-02-24 11:48:05.205416,CUST8622,success
REAL000210,Shopping Mall,withdrawal,160.0,2026-04-06 02:56:05.205591,CUST5358,failed
REAL000211,University Campus,balance_check,0.0,2026-02-24 22:30:05.205745,CUST3349,success
REAL000212,Downtown Branch,withdrawal,20.0,2026-03-08 16:37:05.205879,CUST8843,success
REAL000213,Airport Terminal,withdrawal,20.0,2026-02-20 00:03:05.206033,CUST6051,success
REAL000214,Airport Terminal,withdrawal,200.0,2026-04-11 15:31:05.206167,CUST8426,success
REAL000215,University Campus,withdrawal,500.0,2026-03-07 04:07:05.206324,CUST1661,success
REAL000216,Airport Terminal,balance_check,0.0,2026-04-06 15:40:05.206485,CUST3493,success
REAL000217,Hospital Complex,withdrawal,500.0,2026-04-07 15:52:05.206616,CUST8446,success
REAL000218,Hospital Complex,deposit,1125.92,2026-04-15 02:49:05.206769,CUST5037,success
REAL000219,Hospital Complex,withdrawal,180.0,2026-03-18 16:36:05.206906,CUST4725,success
REAL000220,Downtown Branch,withdrawal,100.0,2026-03-06 03:07:05.207060,CUST6962,success
REAL000221,University Campus,deposit,407.35,2026-03-24 14:05:05.207189,CUST9435,success
REAL000222,Airport Terminal,balance_check,0.0,2026-03-08 15:31:05.207329,CUST8629,success
REAL000223,Shopping Mall,balance_check,0.0,2026-04-12 20:17:05.207438,CUST7721,success
REAL000224,Hospital Complex,withdrawal,500.0,2026-04-06 02:49:05.207590,CUST5259,success
REAL000225,Shopping Mall,balance_check,0.0,2026-04-04 03:15:05.207742,CUST2960,success
REAL000226,University Campus,withdrawal,20.0,2026-02-25 23:35:05.207846,CUST8340,success
REAL000227,University Campus,withdrawal,180.0,2026-03-18 15:41:05.208001,CUST3494,success
REAL000228,Airport Terminal,withdrawal,20.0,2026-04-18 02:46:05.208155,CUST7488,success
REAL000229,Hospital Complex,withdrawal,140.0,2026-03-19 15:13:05.208307,CUST6448,success
REAL000230,University Campus,balance_check,0.0,2026-02-27 23:02:05.208436,CUST2638,success
REAL000231,Airport Terminal,withdrawal,200.0,2026-02-19 02:17:05.208573,CUST8870,success
REAL000232,Hospital Complex,withdrawal,300.0,2026-04-13 02:42:05.208731,CUST5481,success
REAL000233,Hospital Complex,withdrawal,200.0,2026-03-12 22:54:05.208885,CUST7356,success
REAL000234,University Campus,balance_check,0.0,2026-03-29 23:16:05.209015,CUST9656,success
REAL000235,Airport Terminal,withdrawal,60.0,2026-03-29 18:17:05.209146,CUST5719,success
REAL000236,Airport Terminal,withdrawal,400.0,2026-03-16 04:28:05.209275,CUST3672,success
REAL000237,Downtown Branch,deposit,1636.88,2026-02-22 20:00:05.209407,CUST8177,success
REAL000238,Downtown Branch,withdrawal,200.0,2026-03-30 04:41:05.209535,CUST1078,success
REAL000239,Hospital Complex,withdrawal,200.0,2026-03-26 13:24:05.209670,CUST5940,success
REAL000240,Downtown Branch,balance_check,0.0,2026-04-18 16:24:05.209826,CUST2668,success
REAL000241,Shopping Mall,transfer,972.21,2026-03-19 22:23:05.209954,CUST9754,success
REAL000242,University Campus,balance_check,0.0,2026-03-21 03:15:05.210090,CUST8504,success
REAL000243,University Campus,withdrawal,80.0,2026-03-25 17:00:05.210217,CUST9569,success
REAL000244,Hospital Complex,withdrawal,160.0,2026-04-09 15:48:05.210377,CUST7303,success
REAL000245,Downtown Branch,withdrawal,500.0,2026-04-09 10:59:05.210508,CUST5583,success
REAL000246,Shopping Mall,deposit,557.32,2026-03-25 22:19:05.210665,CUST1685,success
REAL000247,Airport Terminal,withdrawal,400.0,2026-02-20 15:37:05.210801,CUST3196,success
REAL000248,University Campus,balance_check,0.0,2026-04-11 15:23:05.210934,CUST9789,success
REAL000249,Hospital Complex,balance_check,0.0,2026-03-22 14:40:05.211050,CUST5558,success
REAL000250,Hospital Complex,withdrawal,100.0,2026-04-04 15:18:05.211182,CUST2724,success
REAL000251,Downtown Branch,withdrawal,40.0,2026-02-25 09:50:05.211319,CUST8295,success
REAL000252,Shopping Mall,balance_check,0.0,2026-02-21 02:53:05.211479,CUST1448,success
REAL000253,Shopping Mall,withdrawal,200.0,2026-03-09 02:35:05.211622,CUST3159,success
REAL000254,University Campus,balance_check,0.0,2026-03-14 16:47:05.211752,CUST2037,success
REAL000255,Shopping Mall,withdrawal,60.0,2026-02-21 15:49:05.211859,CUST2124,success
REAL000256,Airport Terminal,balance_check,0.0,2026-04-15 22:49:05.212015,CUST2828,success
REAL000257,Hospital Complex,withdrawal,60.0,2026-03-12 03:48:05.212143,CUST3563,success
REAL000258,Airport Terminal,withdrawal,200.0,2026-03-13 16:53:05.212321,CUST1593,success
REAL000259,University Campus,withdrawal,60.0,2026-04-01 03:20:05.212482,CUST1541,success
REAL000260,Downtown Branch,withdrawal,140.0,2026-03-19 15:33:05.212612,CUST2169,success
REAL000261,Hospital Complex,balance_check,0.0,2026-03-23 03:10:05.212770,CUST2283,success
REAL000262,Airport Terminal,transfer,759.86,2026-04-05 03:03:05.212900,CUST4471,success
REAL000263,Hospital Complex,withdrawal,200.0,2026-04-09 18:19:05.213037,CUST3757,success
REAL000264,Hospital Complex,withdrawal,140.0,2026-02-25 23:50:05.213189,CUST8999,success
REAL000265,Airport Terminal,balance_check,0.0,2026-04-09 17:04:05.213348,CUST3978,success
REAL000266,University Campus,withdrawal,200.0,2026-04-13 16:28:05.213571,CUST7868,success
REAL000267,Airport Terminal,withdrawal,100.0,2026-03-21 03:47:05.213736,CUST3014,success
REAL000268,Airport Terminal,withdrawal,20.0,2026-03-06 17:00:05.213891,CUST1874,success
REAL000269,Shopping Mall,withdrawal,400.0,2026-03-17 18:42:05.214044,CUST2171,success
REAL000270,Downtown Branch,balance_check,0.0,2026-03-29 15:27:05.214212,CUST5260,success
REAL000271,Downtown Branch,balance_check,0.0,2026-04-14 19:06:05.214316,CUST2938,success
REAL000272,Airport Terminal,withdrawal,20.0,2026-04-07 15:12:05.214446,CUST1597,success
REAL000273,Downtown Branch,balance_check,0.0,2026-03-16 18:41:05.214599,CUST5624,success
REAL000274,Downtown Branch,withdrawal,60.0,2026-03-17 03:08:05.214728,CUST4137,success
REAL000275,University Campus,withdrawal,20.0,2026-02-27 15:30:05.214880,CUST5666,success
REAL000276,University Campus,withdrawal,60.0,2026-03-02 03:37:05.215043,CUST6774,success
REAL000277,Airport Terminal,deposit,553.71,2026-03-28 15:17:05.215195,CUST4867,success
REAL000278,University Campus,withdrawal,500.0,2026-03-26 10:13:05.215308,CUST3274,success
REAL000279,University Campus,withdrawal,300.0,2026-03-25 17:10:05.215465,CUST1007,failed
REAL000280,Airport Terminal,withdrawal,300.0,2026-03-14 16:32:05.215634,CUST7971,success
REAL000281,Downtown Branch,deposit,1821.67,2026-04-12 16:53:05.215787,CUST4200,success
REAL000282,Shopping Mall,withdrawal,140.0,2026-03-18 23:21:05.215923,CUST3591,success
REAL000283,Hospital Complex,transfer,511.09,2026-02-23 16:53:05.216076,CUST8329,success
REAL000284,Downtown Branch,withdrawal,20.0,2026-03-19 15:10:05.216221,CUST4864,success
REAL000285,Shopping Mall,deposit,1656.22,2026-03-16 07:41:05.216352,CUST8544,success
REAL000286,University Campus,withdrawal,160.0,2026-03-06 16:00:05.216491,CUST5079,success
REAL000287,Airport Terminal,withdrawal,60.0,2026-03-24 12:36:05.216626,CUST6433,success
REAL000288,Shopping Mall,balance_check,0.0,2026-03-28 22:52:05.216784,CUST9915,success
REAL000289,Downtown Branch,balance_check,0.0,2026-04-18 10:34:05.216889,CUST6779,success
REAL000290,Hospital Complex,balance_check,0.0,2026-03-27 16:06:05.217024,CUST7370,success
REAL000291,Shopping Mall,deposit,1755.29,2026-03-04 15:17:05.217129,CUST2787,success
REAL000292,Shopping Mall,balance_check,0.0,2026-03-18 03:03:05.217268,CUST2377,success
REAL000293,Shopping Mall,withdrawal,120.0,2026-03-14 18:16:05.217395,CUST9787,failed
REAL000294,Shopping Mall,transfer,171.08,2026-04-05 22:43:05.217562,CUST3946,success
REAL000295,University Campus,transfer,640.28,2026-03-23 03:49:05.217677,CUST2531,success
REAL000296,Downtown Branch,withdrawal,20.0,2026-02-22 22:31:05.217816,CUST7816,success
REAL000297,University Campus,withdrawal,100.0,2026-04-08 23:16:05.217970,CUST9259,success
REAL000298,Hospital Complex,withdrawal,500.0,2026-03-10 10:23:05.218100,CUST3479,success
REAL000299,Hospital Complex,withdrawal,200.0,2026-03-04 18:19:05.218256,CUST8851,success
REAL000300,Hospital Complex,deposit,222.91,2026-04-11 04:05:05.218430,CUST1342,success
REAL000301,Airport Terminal,balance_check,0.0,2026-04-07 23:23:05.218638,CUST7748,success
REAL000302,University Campus,balance_check,0.0,2026-03-12 15:49:05.218769,CUST1771,success
REAL000303,Downtown Branch,transfer,620.62,2026-03-28 18:25:05.218898,CUST5005,success
REAL000304,Airport Terminal,withdrawal,500.0,2026-04-03 02:57:05.219033,CUST8616,success
REAL000305,Downtown Branch,withdrawal,140.0,2026-03-15 18:29:05.219189,CUST7796,success
REAL000306,Hospital Complex,withdrawal,40.0,2026-03-01 16:01:05.219343,CUST4828,success
REAL000307,Downtown Branch,deposit,854.33,2026-03-07 18:15:05.219496,CUST1855,success
REAL000308,Shopping Mall,withdrawal,200.0,2026-02-23 15:28:05.219665,CUST2356,success
REAL000309,Hospital Complex,withdrawal,120.0,2026-04-18 23:29:05.219801,CUST7588,success
REAL000310,Shopping Mall,balance_check,0.0,2026-03-11 15:41:05.219963,CUST9365,success
REAL000311,Downtown Branch,withdrawal,200.0,2026-03-28 02:20:05.220092,CUST9611,success
REAL000312,Airport Terminal,balance_check,0.0,2026-03-23 03:29:05.220245,CUST8922,success
REAL000313,Airport Terminal,withdrawal,400.0,2026-03-21 15:28:05.220373,CUST5658,success
REAL000314,Airport Terminal,balance_check,0.0,2026-03-23 06:06:05.220503,CUST2628,success
REAL000315,Downtown Branch,withdrawal,140.0,2026-03-10 19:07:05.220634,CUST8980,success
REAL000316,Hospital Complex,withdrawal,300.0,2026-03-01 15:38:05.220788,CUST2130,success
REAL000317,Airport Terminal,withdrawal,300.0,2026-02-23 18:00:05.220950,CUST2823,success
REAL000318,Airport Terminal,withdrawal,100.0,2026-04-05 00:28:05.221080,CUST2141,success
REAL000319,Hospital Complex,withdrawal,60.0,2026-03-27 11:30:05.221211,CUST5928,success
REAL000320,Shopping Mall,withdrawal,200.0,2026-03-22 02:59:05.221367,CUST2829,success
REAL000321,University Campus,withdrawal,500.0,2026-03-17 04:21:05.221561,CUST6744,success
REAL000322,Shopping Mall,withdrawal,500.0,2026-02-22 18:45:05.221744,CUST8597,success
REAL000323,Airport Terminal,withdrawal,300.0,2026-03-08 22:18:05.221916,CUST7628,success
REAL000324,Downtown Branch,withdrawal,140.0,2026-03-09 07:32:05.222045,CUST3416,failed
REAL000325,Hospital Complex,withdrawal,100.0,2026-02-26 17:52:05.222201,CUST3352,success
REAL000326,Airport Terminal,balance_check,0.0,2026-02-26 02:10:05.222355,CUST2439,success
REAL000327,Shopping Mall,balance_check,0.0,2026-03-29 19:23:05.222462,CUST1358,success
REAL000328,Hospital Complex,withdrawal,300.0,2026-03-27 02:34:05.222592,CUST7416,success
REAL000329,Hospital Complex,withdrawal,200.0,2026-03-10 18:47:05.222730,CUST3567,success
REAL000330,Shopping Mall,withdrawal,500.0,2026-03-14 18:15:05.222892,CUST2708,success
REAL000331,Downtown Branch,withdrawal,20.0,2026-02-25 03:58:05.223047,CUST1557,success
REAL000332,Airport Terminal,withdrawal,40.0,2026-02-27 15:50:05.223201,CUST6347,success
REAL000333,Airport Terminal,withdrawal,180.0,2026-03-27 02:46:05.223353,CUST4536,success
REAL000334,Hospital Complex,withdrawal,200.0,2026-03-23 22:51:05.223490,CUST5258,success
REAL000335,Shopping Mall,withdrawal,400.0,2026-02-27 03:24:05.223666,CUST8742,success
REAL000336,Hospital Complex,withdrawal,500.0,2026-04-07 07:22:05.223795,CUST6845,success
REAL000337,Downtown Branch,withdrawal,200.0,2026-04-09 14:27:05.223926,CUST4735,success
REAL000338,Shopping Mall,withdrawal,500.0,2026-03-15 21:50:05.224058,CUST2088,success
REAL000339,Downtown Branch,withdrawal,500.0,2026-04-04 17:32:05.224215,CUST9448,success
REAL000340,Shopping Mall,withdrawal,20.0,2026-03-11 10:46:05.224351,CUST4426,success
REAL000341,Shopping Mall,balance_check,0.0,2026-04-06 17:24:05.224513,CUST6242,success
REAL000342,University Campus,withdrawal,300.0,2026-03-11 10:52:05.224622,CUST7465,success
REAL000343,Shopping Mall,withdrawal,100.0,2026-03-03 22:38:05.224778,CUST4701,success
REAL000344,Hospital Complex,withdrawal,500.0,2026-04-18 18:52:05.224931,CUST8480,success
REAL000345,University Campus,deposit,962.5,2026-02-23 19:46:05.225061,CUST9851,success
REAL000346,University Campus,balance_check,0.0,2026-03-23 02:23:05.225205,CUST2228,success
REAL000347,Airport Terminal,withdrawal,100.0,2026-04-02 04:57:05.225311,CUST8016,success
REAL000348,Downtown Branch,withdrawal,300.0,2026-02-21 21:38:05.225455,CUST7056,success
REAL000349,Shopping Mall,withdrawal,120.0,2026-03-21 15:41:05.225635,CUST6793,success
REAL000350,University Campus,withdrawal,500.0,2026-04-04 16:18:05.225794,CUST9662,success
REAL000351,Hospital Complex,balance_check,0.0,2026-03-23 22:44:05.225946,CUST1234,success
REAL000352,Hospital Complex,transfer,717.41,2026-03-06 15:58:05.226082,CUST8122,success
REAL000353,Shopping Mall,withdrawal,120.0,2026-04-02 15:32:05.226219,CUST4374,success
REAL000354,Hospital Complex,withdrawal,400.0,2026-03-15 17:25:05.226378,CUST9588,success
REAL000355,University Campus,deposit,1487.94,2026-04-10 18:00:05.226531,CUST2772,success
REAL000356,University Campus,balance_check,0.0,2026-04-13 03:33:05.226666,CUST4220,success
REAL000357,Downtown Branch,withdrawal,20.0,2026-04-18 18:33:05.226794,CUST5213,success
REAL000358,Hospital Complex,balance_check,0.0,2026-03-06 15:22:05.226924,CUST4173,success
REAL000359,Downtown Branch,withdrawal,160.0,2026-03-15 03:55:05.227055,CUST4253,success
REAL000360,University Campus,withdrawal,120.0,2026-03-25 16:33:05.227207,CUST3745,success
REAL000361,Airport Terminal,balance_check,0.0,2026-02-25 14:27:05.227337,CUST5063,success
REAL000362,Shopping Mall,withdrawal,200.0,2026-02-23 23:11:05.227467,CUST7516,success
REAL000363,Downtown Branch,withdrawal,400.0,2026-03-03 15:18:05.227635,CUST9835,success
REAL000364,University Campus,withdrawal,160.0,2026-03-22 03:35:05.227765,CUST9707,success
REAL000365,University Campus,withdrawal,200.0,2026-02-24 04:04:05.227897,CUST1277,success
REAL000366,Hospital Complex,withdrawal,200.0,2026-03-07 03:02:05.228052,CUST7410,success
REAL000367,Downtown Branch,withdrawal,200.0,2026-03-11 05:05:05.228182,CUST7707,success
REAL000368,Airport Terminal,withdrawal,200.0,2026-02-21 16:22:05.228347,CUST8763,success
REAL000369,Hospital Complex,transfer,553.18,2026-02-24 22:36:05.228500,CUST6241,success
REAL000370,Hospital Complex,balance_check,0.0,2026-03-13 03:47:05.228636,CUST2757,success
REAL000371,Shopping Mall,deposit,1381.26,2026-04-11 15:25:05.228764,CUST5958,success
REAL000372,Airport Terminal,transfer,995.08,2026-04-03 16:05:05.228906,CUST8160,success
REAL000373,University Campus,withdrawal,100.0,2026-04-01 18:50:05.229042,CUST1619,success
REAL000374,Hospital Complex,withdrawal,500.0,2026-04-03 10:26:05.229171,CUST3409,failed
REAL000375,Airport Terminal,withdrawal,200.0,2026-03-03 17:39:05.229345,CUST6973,success
REAL000376,Airport Terminal,withdrawal,100.0,2026-04-11 00:32:05.229605,CUST4326,success
REAL000377,Shopping Mall,balance_check,0.0,2026-02-19 02:29:05.229822,CUST5444,success
REAL000378,Shopping Mall,withdrawal,120.0,2026-04-09 17:33:05.230014,CUST3176,success
REAL000379,Downtown Branch,withdrawal,300.0,2026-03-01 17:06:05.230247,CUST4674,success
REAL000380,Downtown Branch,withdrawal,200.0,2026-03-05 17:17:05.230513,CUST3161,success
REAL000381,Hospital Complex,withdrawal,300.0,2026-03-30 23:17:05.230708,CUST2913,success
REAL000382,Shopping Mall,withdrawal,500.0,2026-03-16 14:13:05.230910,CUST3871,success
REAL000383,Airport Terminal,withdrawal,100.0,2026-03-24 18:18:05.231154,CUST8812,success
REAL000384,Downtown Branch,withdrawal,80.0,2026-03-08 16:49:05.231315,CUST1614,success
REAL000385,Shopping Mall,withdrawal,400.0,2026-03-23 18:05:05.231484,CUST4607,success
REAL000386,Hospital Complex,withdrawal,20.0,2026-03-16 15:12:05.231658,CUST1580,success
REAL000387,Downtown Branch,withdrawal,20.0,2026-03-09 18:12:05.231818,CUST7534,success
REAL000388,University Campus,deposit,198.61,2026-03-31 04:06:05.232054,CUST4109,success
REAL000389,Airport Terminal,balance_check,0.0,2026-03-04 08:28:05.232235,CUST3749,success
REAL000390,University Campus,withdrawal,120.0,2026-03-23 20:18:05.232415,CUST6141,success
REAL000391,Shopping Mall,withdrawal,200.0,2026-03-01 18:53:05.232677,CUST9712,success
REAL000392,Shopping Mall,withdrawal,500.0,2026-03-28 17:12:05.232954,CUST3800,success
REAL000393,Shopping Mall,deposit,1672.26,2026-03-14 18:52:05.233165,CUST8365,success
REAL000394,Downtown Branch,deposit,754.75,2026-02-20 13:30:05.233289,CUST3524,success
REAL000395,Hospital Complex,withdrawal,40.0,2026-03-31 02:17:05.233428,CUST3230,success
REAL000396,Downtown Branch,withdrawal,120.0,2026-03-24 23:54:05.233582,CUST5946,success
REAL000397,Hospital Complex,balance_check,0.0,2026-03-11 09:55:05.233735,CUST7871,failed
REAL000398,Hospital Complex,withdrawal,200.0,2026-04-13 17:12:05.233844,CUST7426,success
REAL000399,Downtown Branch,transfer,265.39,2026-03-03 03:34:05.234002,CUST4731,success
REAL000400,Shopping Mall,balance_check,0.0,2026-04-17 17:13:05.234154,CUST8951,success
REAL000401,Downtown Branch,balance_check,0.0,2026-04-01 17:17:05.234263,CUST6131,success
REAL000402,Hospital Complex,withdrawal,100.0,2026-03-23 23:57:05.234411,CUST7261,success
REAL000403,University Campus,withdrawal,200.0,2026-02-28 23:21:05.234565,CUST7432,success
REAL000404,University Campus,withdrawal,120.0,2026-04-04 17:46:05.234724,CUST8196,success
REAL000405,Airport Terminal,withdrawal,140.0,2026-03-09 15:12:05.234968,CUST1517,failed
REAL000406,Downtown Branch,withdrawal,200.0,2026-03-09 16:04:05.235186,CUST8162,success
REAL000407,Airport Terminal,withdrawal,200.0,2026-03-15 18:53:05.235360,CUST2518,success
REAL000408,Hospital Complex,withdrawal,200.0,2026-02-25 03:49:05.235491,CUST3849,success
REAL000409,Downtown Branch,balance_check,0.0,2026-04-05 06:42:05.235647,CUST5195,success
REAL000410,Shopping Mall,withdrawal,140.0,2026-04-16 04:08:05.235786,CUST5757,success
REAL000411,University Campus,withdrawal,200.0,2026-02-19 15:13:05.235915,CUST5396,success
REAL000412,Airport Terminal,transfer,429.08,2026-03-15 02:50:05.236075,CUST8071,success
REAL000413,Shopping Mall,withdrawal,140.0,2026-04-02 15:59:05.236245,CUST2364,success
REAL000414,University Campus,withdrawal,200.0,2026-04-04 22:05:05.236374,CUST5138,success
REAL000415,University Campus,withdrawal,80.0,2026-03-31 02:24:05.236544,CUST6166,success
REAL000416,Airport Terminal,withdrawal,500.0,2026-03-05 00:04:05.236697,CUST4901,success
REAL000417,Shopping Mall,transfer,846.57,2026-04-01 17:39:05.236849,CUST6283,success
REAL000418,Shopping Mall,withdrawal,180.0,2026-02-22 23:23:05.236961,CUST1690,success
REAL000419,University Campus,balance_check,0.0,2026-04-10 20:03:05.237095,CUST3912,success
REAL000420,Airport Terminal,balance_check,0.0,2026-04-02 03:13:05.237216,CUST5458,success
REAL000421,Airport Terminal,withdrawal,60.0,2026-03-10 15:33:05.237350,CUST9033,success
REAL000422,Shopping Mall,withdrawal,200.0,2026-02-20 16:12:05.237506,CUST9003,success
REAL000423,Hospital Complex,withdrawal,120.0,2026-04-16 23:55:05.237679,CUST6103,success
REAL000424,University Campus,balance_check,0.0,2026-03-22 16:48:05.237835,CUST1802,success
REAL000425,Hospital Complex,withdrawal,180.0,2026-04-16 11:57:05.237940,CUST1060,success
REAL000426,University Campus,withdrawal,500.0,2026-03-25 15:24:05.238104,CUST7121,success
REAL000427,Hospital Complex,withdrawal,500.0,2026-04-03 23:36:05.238261,CUST3594,success
REAL000428,Downtown Branch,deposit,755.08,2026-04-14 18:27:05.238413,CUST3773,success
REAL000429,Hospital Complex,balance_check,0.0,2026-03-27 18:56:05.238557,CUST6520,success
REAL000430,Downtown Branch,balance_check,0.0,2026-04-17 15:32:05.238660,CUST9912,success
REAL000431,Airport Terminal,withdrawal,200.0,2026-02-27 16:55:05.238792,CUST8178,success
REAL000432,Shopping Mall,withdrawal,300.0,2026-02-25 03:50:05.238946,CUST6628,success
REAL000433,Airport Terminal,balance_check,0.0,2026-03-17 16:50:05.239098,CUST9640,success
REAL000434,Downtown Branch,withdrawal,20.0,2026-04-06 23:15:05.239225,CUST5927,success
REAL000435,Shopping Mall,withdrawal,40.0,2026-03-27 05:43:05.239354,CUST6126,success
REAL000436,Hospital Complex,withdrawal,300.0,2026-02-26 06:08:05.239494,CUST8374,success
REAL000437,Downtown Branch,withdrawal,20.0,2026-03-19 01:43:05.239642,CUST8260,success
REAL000438,Hospital Complex,withdrawal,100.0,2026-03-09 20:18:05.239779,CUST5434,success
REAL000439,Airport Terminal,withdrawal,20.0,2026-03-06 03:54:05.239915,CUST9575,success
REAL000440,University Campus,withdrawal,200.0,2026-03-29 04:03:05.240070,CUST5780,failed
REAL000441,Shopping Mall,withdrawal,500.0,2026-02-24 18:54:05.240223,CUST1002,success
REAL000442,Airport Terminal,withdrawal,160.0,2026-02-19 22:14:05.240375,CUST7239,success
REAL000443,Downtown Branch,withdrawal,300.0,2026-03-02 03:00:05.240527,CUST6255,success
REAL000444,Shopping Mall,withdrawal,200.0,2026-03-02 18:24:05.240679,CUST6330,success
REAL000445,Downtown Branch,withdrawal,400.0,2026-04-12 16:41:05.240832,CUST1990,success
REAL000446,Airport Terminal,withdrawal,200.0,2026-03-14 17:27:05.240992,CUST4516,success
REAL000447,Airport Terminal,withdrawal,80.0,2026-04-03 15:01:05.241121,CUST2629,success
REAL000448,University Campus,withdrawal,20.0,2026-03-07 02:58:05.241253,CUST1370,success
REAL000449,Shopping Mall,withdrawal,200.0,2026-03-18 18:20:05.241385,CUST7204,success
REAL000450,University Campus,balance_check,0.0,2026-03-23 02:48:05.241539,CUST8957,success
REAL000451,Airport Terminal,withdrawal,500.0,2026-04-04 17:05:05.241682,CUST4940,success
REAL000452,Hospital Complex,withdrawal,100.0,2026-03-23 12:01:05.241811,CUST9799,success
REAL000453,Shopping Mall,balance_check,0.0,2026-02-22 18:23:05.241975,CUST9092,success
REAL000454,Hospital Complex,balance_check,0.0,2026-04-01 18:07:05.242104,CUST6669,success
REAL000455,Shopping Mall,balance_check,0.0,2026-03-07 15:38:05.242230,CUST5460,success
REAL000456,Shopping Mall,withdrawal,20.0,2026-04-03 18:56:05.242357,CUST7644,success
REAL000457,Shopping Mall,withdrawal,300.0,2026-04-06 03:45:05.242518,CUST8609,success
REAL000458,Shopping Mall,withdrawal,20.0,2026-03-29 17:59:05.242674,CUST4521,success
REAL000459,Airport Terminal,withdrawal,400.0,2026-03-26 01:49:05.242803,CUST7838,success
REAL000460,Airport Terminal,withdrawal,160.0,2026-04-14 17:18:05.242957,CUST4539,success
REAL000461,Airport Terminal,withdrawal,200.0,2026-04-08 22:37:05.243086,CUST8031,success
REAL000462,Airport Terminal,withdrawal,200.0,2026-03-06 16:04:05.243217,CUST1917,failed
REAL000463,Downtown Branch,withdrawal,200.0,2026-04-15 18:08:05.243371,CUST5749,success
REAL000464,University Campus,withdrawal,140.0,2026-03-17 17:14:05.243523,CUST8389,success
REAL000465,Airport Terminal,deposit,1210.55,2026-03-24 12:39:05.243670,CUST4875,success
REAL000466,Airport Terminal,withdrawal,200.0,2026-03-06 16:29:05.243812,CUST6021,success
REAL000467,Hospital Complex,deposit,1352.19,2026-02-26 16:14:05.243943,CUST2262,success
REAL000468,Hospital Complex,deposit,337.92,2026-03-27 22:45:05.244081,CUST2257,success
REAL000469,University Campus,deposit,1574.23,2026-02-21 18:01:05.244215,CUST6750,success
REAL000470,University Campus,withdrawal,200.0,2026-03-08 17:39:05.244357,CUST3617,success
REAL000471,Shopping Mall,withdrawal,60.0,2026-03-12 18:45:05.244512,CUST8972,success
REAL000472,Hospital Complex,withdrawal,60.0,2026-04-12 04:29:05.244666,CUST1861,success
REAL000473,Airport Terminal,withdrawal,100.0,2026-03-22 15:20:05.244943,CUST6457,failed
REAL000474,Hospital Complex,withdrawal,300.0,2026-02-22 15:46:05.245109,CUST2289,success
REAL000475,Airport Terminal,withdrawal,160.0,2026-03-16 03:25:05.245285,CUST5920,success
REAL000476,Shopping Mall,withdrawal,200.0,2026-02-22 15:35:05.245902,CUST6067,success
REAL000477,Downtown Branch,withdrawal,40.0,2026-03-08 21:54:05.246294,CUST5135,success
REAL000478,University Campus,balance_check,0.0,2026-04-02 02:56:05.246718,CUST4109,success
REAL000479,University Campus,balance_check,0.0,2026-02-22 05:34:05.246940,CUST1186,success
REAL000480,Downtown Branch,transfer,216.72,2026-04-07 04:24:05.247094,CUST2881,success
REAL000481,University Campus,deposit,1509.04,2026-04-15 14:30:05.247261,CUST1052,success
REAL000482,Hospital Complex,balance_check,0.0,2026-03-06 02:15:05.247475,CUST7855,success
REAL000483,University Campus,withdrawal,500.0,2026-04-13 22:55:05.247662,CUST6918,success
REAL000484,University Campus,withdrawal,100.0,2026-02-26 23:44:05.247911,CUST4558,success
REAL000485,Hospital Complex,balance_check,0.0,2026-03-05 16:27:05.248168,CUST1336,success
REAL000486,Hospital Complex,withdrawal,160.0,2026-04-04 18:56:05.248378,CUST8446,success
REAL000487,Downtown Branch,deposit,989.33,2026-03-25 02:22:05.248627,CUST2724,success
REAL000488,Airport Terminal,balance_check,0.0,2026-04-01 18:52:05.248832,CUST2756,success
REAL000489,Shopping Mall,withdrawal,80.0,2026-04-06 18:26:05.248963,CUST7771,success
REAL000490,Downtown Branch,withdrawal,200.0,2026-03-06 18:38:05.249157,CUST3696,success
REAL000491,University Campus,balance_check,0.0,2026-03-07 11:34:05.249320,CUST2504,success
REAL000492,Shopping Mall,withdrawal,120.0,2026-04-12 04:42:05.249456,CUST8850,success
REAL000493,Airport Terminal,deposit,1686.63,2026-02-21 02:40:05.249673,CUST9100,success
REAL000494,Shopping Mall,balance_check,0.0,2026-02-24 18:01:05.249873,CUST7999,success
REAL000495,University Campus,withdrawal,200.0,2026-03-10 15:50:05.250080,CUST8538,success
REAL000496,Downtown Branch,withdrawal,140.0,2026-03-01 23:26:05.250321,CUST4176,success
REAL000497,University Campus,withdrawal,60.0,2026-03-31 22:11:05.250480,CUST5992,success
REAL000498,University Campus,withdrawal,120.0,2026-03-17 15:57:05.250649,CUST1183,success
REAL000499,Airport Terminal,withdrawal,180.0,2026-04-06 02:24:05.250809,CUST2096,success
REAL000500,Downtown Branch,deposit,1653.07,2026-04-10 04:50:05.250942,CUST1270,success
REAL000501,Airport Terminal,balance_check,0.0,2026-03-06 15:43:05.251086,CUST7995,success
REAL000502,Downtown Branch,balance_check,0.0,2026-03-28 08:21:05.251191,CUST5765,success
REAL000503,Hospital Complex,balance_check,0.0,2026-03-25 15:49:05.251300,CUST3341,success
REAL000504,Downtown Branch,balance_check,0.0,2026-03-04 15:17:05.251708,CUST3672,success
REAL000505,Shopping Mall,withdrawal,40.0,2026-03-28 03:05:05.252031,CUST8409,success
REAL000506,Hospital Complex,withdrawal,300.0,2026-04-11 15:14:05.252514,CUST1310,success
REAL000507,University Campus,withdrawal,400.0,2026-03-13 03:40:05.253374,CUST3866,success
REAL000508,Hospital Complex,withdrawal,200.0,2026-04-07 18:30:05.253903,CUST8036,success
REAL000509,Airport Terminal,balance_check,0.0,2026-03-12 03:38:05.254154,CUST7686,success
REAL000510,Airport Terminal,withdrawal,200.0,2026-02-23 17:47:05.254456,CUST7837,success
REAL000511,Downtown Branch,withdrawal,100.0,2026-04-02 21:47:05.254740,CUST5624,success
REAL000512,Hospital Complex,withdrawal,500.0,2026-03-13 02:52:05.255000,CUST4580,success
REAL000513,Downtown Branch,deposit,325.42,2026-02-25 18:13:05.255208,CUST1406,success
REAL000514,Airport Terminal,withdrawal,60.0,2026-04-15 03:43:05.255399,CUST7928,success
REAL000515,Shopping Mall,withdrawal,40.0,2026-04-06 23:02:05.255576,CUST2003,success
REAL000516,University Campus,balance_check,0.0,2026-03-30 17:33:05.255783,CUST2895,success
REAL000517,Airport Terminal,transfer,471.91,2026-04-12 22:26:05.255960,CUST2956,success
REAL000518,Hospital Complex,withdrawal,300.0,2026-04-15 22:29:05.256140,CUST3284,success
REAL000519,Hospital Complex,withdrawal,200.0,2026-02-25 10:01:05.256311,CUST1961,success
REAL000520,Airport Terminal,withdrawal,100.0,2026-03-06 12:18:05.256486,CUST9849,success
REAL000521,Hospital Complex,balance_check,0.0,2026-03-11 16:35:05.256746,CUST9069,success
REAL000522,Airport Terminal,balance_check,0.0,2026-03-06 23:05:05.256900,CUST4217,success
REAL000523,Shopping Mall,deposit,508.89,2026-04-10 18:32:05.257114,CUST4177,success
REAL000524,Shopping Mall,withdrawal,100.0,2026-04-15 16:05:05.257357,CUST8701,success
REAL000525,University Campus,withdrawal,300.0,2026-02-23 22:58:05.257568,CUST9790,pending
REAL000526,Hospital Complex,withdrawal,20.0,2026-02-19 22:28:05.257802,CUST3931,success
REAL000527,Airport Terminal,withdrawal,120.0,2026-03-22 22:35:05.258049,CUST7782,success
REAL000528,Hospital Complex,withdrawal,100.0,2026-02-26 17:21:05.258270,CUST8381,success
REAL000529,Shopping Mall,deposit,897.29,2026-04-02 14:07:05.258450,CUST9975,success
REAL000530,Airport Terminal,withdrawal,20.0,2026-02-25 22:10:05.258685,CUST1075,success
REAL000531,University Campus,withdrawal,180.0,2026-02-24 19:07:05.258917,CUST3059,success
REAL000532,University Campus,withdrawal,40.0,2026-04-03 02:13:05.259152,CUST3843,success
REAL000533,University Campus,withdrawal,100.0,2026-03-13 17:39:05.259356,CUST4195,success
REAL000534,Hospital Complex,balance_check,0.0,2026-04-05 09:33:05.259522,CUST5713,success
REAL000535,Airport Terminal,withdrawal,200.0,2026-02-23 23:17:05.259691,CUST3965,success
REAL000536,Shopping Mall,withdrawal,100.0,2026-02-25 02:33:05.259883,CUST2909,success
REAL000537,University Campus,withdrawal,100.0,2026-02-26 15:22:05.260114,CUST7382,success
REAL000538,University Campus,balance_check,0.0,2026-04-10 16:37:05.260317,CUST7781,success
REAL000539,University Campus,transfer,78.52,2026-04-16 03:40:05.260517,CUST2170,success
REAL000540,Airport Terminal,withdrawal,200.0,2026-03-15 23:12:05.260755,CUST5282,failed
REAL000541,Hospital Complex,withdrawal,400.0,2026-02-18 22:45:05.260978,CUST1926,success
REAL000542,Airport Terminal,balance_check,0.0,2026-02-23 15:48:05.261217,CUST3654,success
REAL000543,Airport Terminal,balance_check,0.0,2026-03-18 19:08:05.261431,CUST7553,success
REAL000544,Airport Terminal,withdrawal,60.0,2026-04-09 03:24:05.261630,CUST8984,success
REAL000545,University Campus,withdrawal,300.0,2026-03-20 18:49:05.261867,CUST1297,success
REAL000546,Downtown Branch,withdrawal,20.0,2026-03-09 17:15:05.262105,CUST5563,success
REAL000547,Downtown Branch,withdrawal,200.0,2026-04-04 03:35:05.262302,CUST5683,success
REAL000548,Airport Terminal,balance_check,0.0,2026-02-21 17:35:05.262534,CUST2409,success
REAL000549,Hospital Complex,deposit,1196.07,2026-03-21 15:54:05.262746,CUST4977,success
REAL000550,University Campus,balance_check,0.0,2026-03-26 15:55:05.262950,CUST8189,success
REAL000551,University Campus,balance_check,0.0,2026-03-14 17:13:05.263145,CUST8697,success
REAL000552,Shopping Mall,withdrawal,500.0,2026-03-06 02:10:05.263338,CUST6581,success
REAL000553,University Campus,deposit,1690.8,2026-04-08 03:53:05.263566,CUST9872,success
REAL000554,Shopping Mall,deposit,1325.32,2026-04-14 18:24:05.263762,CUST1864,success
REAL000555,Hospital Complex,withdrawal,40.0,2026-03-22 23:50:05.263959,CUST7394,success
REAL000556,Hospital Complex,withdrawal,200.0,2026-04-11 07:40:05.264161,CUST5932,success
REAL000557,Shopping Mall,withdrawal,40.0,2026-02-24 03:08:05.264390,CUST3575,success
REAL000558,Airport Terminal,withdrawal,160.0,2026-04-16 23:08:05.264578,CUST8493,success
REAL000559,University Campus,balance_check,0.0,2026-03-17 18:06:05.264824,CUST8371,success
REAL000560,Shopping Mall,withdrawal,500.0,2026-03-12 03:05:05.265009,CUST9844,success
REAL000561,University Campus,withdrawal,300.0,2026-03-22 16:17:05.265232,CUST8977,success
REAL000562,Shopping Mall,withdrawal,300.0,2026-03-27 23:26:05.265458,CUST5875,success
REAL000563,Shopping Mall,withdrawal,500.0,2026-04-09 03:43:05.265703,CUST3949,success
REAL000564,Shopping Mall,deposit,1638.86,2026-03-08 23:41:05.265944,CUST7502,success
REAL000565,Hospital Complex,withdrawal,100.0,2026-03-25 02:31:05.266151,CUST1599,success
REAL000566,Downtown Branch,withdrawal,500.0,2026-03-25 23:15:05.266344,CUST9557,success
REAL000567,Shopping Mall,balance_check,0.0,2026-03-09 22:46:05.266581,CUST9504,success
REAL000568,Downtown Branch,withdrawal,60.0,2026-04-01 03:36:05.266787,CUST2773,success
REAL000569,Hospital Complex,deposit,888.17,2026-04-04 22:23:05.267026,CUST7719,success
REAL000570,Downtown Branch,deposit,1332.65,2026-03-27 22:44:05.267223,CUST2464,success
REAL000571,Airport Terminal,withdrawal,40.0,2026-03-12 18:42:05.267421,CUST2539,success
REAL000572,Hospital Complex,withdrawal,20.0,2026-02-25 01:43:05.267632,CUST5386,success
REAL000573,Downtown Branch,withdrawal,200.0,2026-03-15 02:19:05.267876,CUST6275,success
REAL000574,Airport Terminal,withdrawal,200.0,2026-03-04 03:10:05.268137,CUST9111,success
REAL000575,Airport Terminal,withdrawal,200.0,2026-03-20 15:47:05.268394,CUST1692,success
REAL000576,Shopping Mall,transfer,218.3,2026-02-20 17:43:05.268650,CUST8933,success
REAL000577,Shopping Mall,balance_check,0.0,2026-03-18 02:59:05.268820,CUST4494,success
REAL000578,Airport Terminal,withdrawal,200.0,2026-04-07 15:14:05.268960,CUST6811,success
REAL000579,Airport Terminal,withdrawal,140.0,2026-04-02 04:06:05.269166,CUST5675,success
REAL000580,Airport Terminal,withdrawal,100.0,2026-03-17 02:40:05.269353,CUST4096,success
REAL000581,Shopping Mall,deposit,412.79,2026-02-20 03:53:05.269559,CUST9456,success
REAL000582,Shopping Mall,balance_check,0.0,2026-04-14 16:46:05.269796,CUST2353,success
REAL000583,Hospital Complex,withdrawal,60.0,2026-04-12 22:40:05.270026,CUST9226,success
REAL000584,University Campus,withdrawal,120.0,2026-04-06 22:40:05.270283,CUST5270,success
REAL000585,University Campus,withdrawal,200.0,2026-03-06 04:01:05.270489,CUST7477,success
REAL000586,Hospital Complex,withdrawal,80.0,2026-04-05 06:02:05.270709,CUST3313,success
REAL000587,University Campus,withdrawal,500.0,2026-04-11 22:13:05.270933,CUST2689,failed
REAL000588,Shopping Mall,withdrawal,500.0,2026-03-09 22:33:05.271147,CUST6649,success
REAL000589,Shopping Mall,withdrawal,20.0,2026-04-06 01:41:05.271412,CUST2079,success
REAL000590,Airport Terminal,withdrawal,100.0,2026-03-10 18:37:05.271704,CUST3031,success
REAL000591,Hospital Complex,transfer,159.02,2026-04-14 04:53:05.271954,CUST2141,success
REAL000592,Hospital Complex,withdrawal,100.0,2026-04-10 02:14:05.272233,CUST2784,success
REAL000593,Hospital Complex,balance_check,0.0,2026-03-11 15:16:05.272529,CUST5658,failed
REAL000594,University Campus,balance_check,0.0,2026-03-27 14:13:05.272829,CUST6979,success
REAL000595,Downtown Branch,balance_check,0.0,2026-04-01 11:41:05.273009,CUST8204,success
REAL000596,University Campus,withdrawal,120.0,2026-03-16 03:29:05.273149,CUST5539,success
REAL000597,Downtown Branch,deposit,1771.24,2026-03-07 04:14:05.273310,CUST4560,success
REAL000598,Hospital Complex,balance_check,0.0,2026-03-27 23:26:05.273456,CUST1490,success
REAL000599,Shopping Mall,withdrawal,100.0,2026-03-30 02:12:05.273587,CUST5530,success
REAL000600,Hospital Complex,withdrawal,200.0,2026-03-30 16:42:05.273760,CUST8257,success
REAL000601,University Campus,withdrawal,500.0,2026-03-02 03:46:05.273921,CUST8080,success
REAL000602,Shopping Mall,deposit,560.9,2026-03-10 00:03:05.274090,CUST2677,success
REAL000603,University Campus,withdrawal,20.0,2026-02-26 03:34:05.274230,CUST8036,success
REAL000604,Airport Terminal,withdrawal,160.0,2026-04-19 02:33:05.274384,CUST1220,success
REAL000605,Downtown Branch,withdrawal,100.0,2026-03-25 17:53:05.274515,CUST2871,success
REAL000606,Downtown Branch,withdrawal,200.0,2026-03-17 02:44:05.274687,CUST7191,success
REAL000607,University Campus,balance_check,0.0,2026-04-09 16:39:05.274840,CUST5476,success
REAL000608,University Campus,balance_check,0.0,2026-04-15 21:29:05.274975,CUST1271,success
REAL000609,Airport Terminal,balance_check,0.0,2026-04-14 18:14:05.275108,CUST4676,success
REAL000610,Downtown Branch,withdrawal,60.0,2026-03-06 02:59:05.275212,CUST2140,success
REAL000611,University Campus,withdrawal,120.0,2026-03-08 15:56:05.275370,CUST9264,success
REAL000612,Hospital Complex,deposit,1278.71,2026-02-25 10:13:05.275498,CUST2174,success
REAL000613,Downtown Branch,withdrawal,60.0,2026-04-14 22:14:05.275640,CUST5588,success
REAL000614,Airport Terminal,withdrawal,180.0,2026-03-11 16:41:05.275903,CUST3933,success
REAL000615,Downtown Branch,withdrawal,180.0,2026-03-28 17:10:05.276090,CUST3371,success
REAL000616,University Campus,balance_check,0.0,2026-02-24 00:34:05.276222,CUST8686,success
REAL000617,University Campus,withdrawal,300.0,2026-04-03 16:22:05.276356,CUST7738,success
REAL000618,Airport Terminal,deposit,1552.84,2026-04-07 00:02:05.276486,CUST7358,success
REAL000619,Airport Terminal,withdrawal,180.0,2026-04-02 13:23:05.276634,CUST5994,success
REAL000620,Shopping Mall,withdrawal,200.0,2026-02-28 03:43:05.276813,CUST7322,success
REAL000621,University Campus,withdrawal,200.0,2026-02-19 15:02:05.276984,CUST1378,success
REAL000622,Downtown Branch,transfer,256.83,2026-04-12 23:42:05.277146,CUST5938,success
REAL000623,Hospital Complex,withdrawal,200.0,2026-03-14 17:32:05.277285,CUST7146,success
REAL000624,Downtown Branch,balance_check,0.0,2026-02-27 09:55:05.277424,CUST3939,success
REAL000625,Shopping Mall,withdrawal,100.0,2026-04-01 13:19:05.277534,CUST7414,success
REAL000626,Hospital Complex,withdrawal,500.0,2026-04-11 13:54:05.277669,CUST2907,success
REAL000627,Hospital Complex,withdrawal,80.0,2026-04-04 15:25:05.277836,CUST4998,success
REAL000628,Downtown Branch,withdrawal,160.0,2026-04-05 23:01:05.277993,CUST5435,success
REAL000629,Downtown Branch,balance_check,0.0,2026-03-15 16:32:05.278147,CUST8440,success
REAL000630,Downtown Branch,balance_check,0.0,2026-04-16 03:48:05.278275,CUST7468,success
REAL000631,Airport Terminal,withdrawal,160.0,2026-02-28 03:28:05.278403,CUST9456,success
REAL000632,Shopping Mall,balance_check,0.0,2026-03-28 18:47:05.278557,CUST3925,success
REAL000633,Hospital Complex,balance_check,0.0,2026-04-19 05:36:05.278663,CUST4153,success
REAL000634,Airport Terminal,withdrawal,300.0,2026-03-17 16:41:05.278794,CUST6718,success
REAL000635,Hospital Complex,withdrawal,300.0,2026-02-22 12:20:05.278924,CUST9362,success
REAL000636,Airport Terminal,deposit,118.83,2026-04-04 18:51:05.279119,CUST4779,success
REAL000637,University Campus,withdrawal,100.0,2026-04-01 12:27:05.279233,CUST7637,success
REAL000638,Airport Terminal,withdrawal,400.0,2026-03-21 15:48:05.279390,CUST8602,success
REAL000639,Downtown Branch,withdrawal,500.0,2026-03-31 03:45:05.279542,CUST5631,success
REAL000640,Shopping Mall,withdrawal,120.0,2026-03-29 02:12:05.279824,CUST3173,success
REAL000641,Downtown Branch,transfer,107.22,2026-03-17 00:08:05.280045,CUST2317,success
REAL000642,University Campus,withdrawal,200.0,2026-03-05 02:13:05.280192,CUST8970,success
REAL000643,Shopping Mall,withdrawal,20.0,2026-02-27 11:48:05.280344,CUST9683,success
REAL000644,Downtown Branch,withdrawal,300.0,2026-03-24 18:53:05.280564,CUST1534,success
REAL000645,Shopping Mall,withdrawal,120.0,2026-04-12 15:25:05.280701,CUST1001,success
REAL000646,University Campus,balance_check,0.0,2026-03-13 23:57:05.280906,CUST9320,success
REAL000647,Airport Terminal,withdrawal,120.0,2026-04-13 18:50:05.281072,CUST7604,success
REAL000648,Shopping Mall,balance_check,0.0,2026-03-24 00:43:05.281214,CUST4140,success
REAL000649,Airport Terminal,transfer,412.54,2026-03-17 16:53:05.281348,CUST3460,success
REAL000650,Downtown Branch,deposit,1288.32,2026-03-27 16:02:05.281488,CUST4644,success
REAL000651,University Campus,withdrawal,200.0,2026-03-11 17:59:05.281625,CUST8376,success
REAL000652,Shopping Mall,withdrawal,500.0,2026-03-03 15:27:05.281779,CUST1283,success
REAL000653,Downtown Branch,withdrawal,40.0,2026-02-28 18:11:05.281962,CUST8382,success
REAL000654,Hospital Complex,deposit,1478.05,2026-03-25 03:36:05.282122,CUST4237,success
REAL000655,Downtown Branch,withdrawal,100.0,2026-03-04 18:13:05.282261,CUST8127,success
REAL000656,Hospital Complex,transfer,245.5,2026-02-25 15:19:05.282418,CUST1924,success
REAL000657,Downtown Branch,withdrawal,500.0,2026-04-01 18:27:05.282571,CUST4085,success
REAL000658,Shopping Mall,balance_check,0.0,2026-04-02 08:10:05.282702,CUST8246,success
REAL000659,University Campus,withdrawal,160.0,2026-02-24 02:50:05.282835,CUST7481,success
REAL000660,Downtown Branch,deposit,1181.02,2026-04-18 09:36:05.283000,CUST4767,success
REAL000661,University Campus,withdrawal,300.0,2026-02-23 22:43:05.283146,CUST8055,success
REAL000662,Hospital Complex,withdrawal,20.0,2026-04-18 16:20:05.283303,CUST5582,success
REAL000663,Airport Terminal,balance_check,0.0,2026-04-03 18:02:05.283483,CUST8328,success
REAL000664,University Campus,transfer,729.37,2026-03-31 00:06:05.283596,CUST6680,success
REAL000665,Hospital Complex,withdrawal,200.0,2026-03-18 00:56:05.283738,CUST8067,success
REAL000666,University Campus,withdrawal,100.0,2026-03-09 04:00:05.283903,CUST7273,success
REAL000667,University Campus,balance_check,0.0,2026-04-16 16:14:05.284057,CUST9269,success
REAL000668,University Campus,withdrawal,80.0,2026-03-05 00:03:05.284190,CUST6365,success
REAL000669,Shopping Mall,deposit,746.01,2026-04-12 22:37:05.284654,CUST7500,success
REAL000670,Hospital Complex,withdrawal,60.0,2026-04-09 07:54:05.285196,CUST2032,success
REAL000671,Airport Terminal,withdrawal,100.0,2026-04-03 02:43:05.285382,CUST1471,success
REAL000672,University Campus,balance_check,0.0,2026-04-05 13:14:05.285564,CUST4309,success
REAL000673,Downtown Branch,balance_check,0.0,2026-04-02 15:52:05.285858,CUST7923,success
REAL000674,Airport Terminal,balance_check,0.0,2026-03-17 02:27:05.286087,CUST3244,success
REAL000675,Downtown Branch,withdrawal,100.0,2026-04-10 03:35:05.286290,CUST7795,success
REAL000676,University Campus,balance_check,0.0,2026-04-08 18:16:05.286537,CUST7620,success
REAL000677,University Campus,balance_check,0.0,2026-03-02 18:15:05.286892,CUST9669,success
REAL000678,Hospital Complex,withdrawal,200.0,2026-03-27 13:02:05.287089,CUST3603,success
REAL000679,Airport Terminal,balance_check,0.0,2026-04-03 06:18:05.287355,CUST9084,success
REAL000680,University Campus,withdrawal,300.0,2026-03-11 17:45:05.287570,CUST7495,success
REAL000681,Airport Terminal,withdrawal,300.0,2026-03-24 02:59:05.287769,CUST9216,success
REAL000682,Downtown Branch,balance_check,0.0,2026-02-27 03:29:05.288035,CUST7401,success
REAL000683,Hospital Complex,withdrawal,200.0,2026-03-16 22:49:05.288251,CUST2565,success
REAL000684,Hospital Complex,transfer,971.57,2026-02-27 03:20:05.288506,CUST6720,success
REAL000685,Downtown Branch,withdrawal,300.0,2026-03-13 17:39:05.288757,CUST5887,success
REAL000686,Shopping Mall,withdrawal,60.0,2026-04-02 03:12:05.289039,CUST6378,success
REAL000687,Hospital Complex,balance_check,0.0,2026-04-18 00:58:05.289300,CUST6092,success
REAL000688,Hospital Complex,withdrawal,300.0,2026-04-07 15:53:05.289549,CUST6636,success
REAL000689,University Campus,withdrawal,400.0,2026-03-09 17:16:05.289785,CUST9446,success
REAL000690,Hospital Complex,withdrawal,200.0,2026-04-14 03:08:05.290036,CUST6972,success
REAL000691,Hospital Complex,withdrawal,60.0,2026-03-24 03:30:05.290242,CUST9446,success
REAL000692,Downtown Branch,withdrawal,140.0,2026-02-25 18:27:05.290456,CUST8688,success
REAL000693,Airport Terminal,balance_check,0.0,2026-02-24 15:41:05.290660,CUST2868,success
REAL000694,Downtown Branch,withdrawal,140.0,2026-02-20 18:55:05.290833,CUST2223,success
REAL000695,Hospital Complex,balance_check,0.0,2026-04-09 17:26:05.291005,CUST9412,success
REAL000696,Downtown Branch,transfer,660.64,2026-04-07 23:15:05.291176,CUST5310,success
REAL000697,Downtown Branch,deposit,443.25,2026-04-16 17:00:05.291400,CUST9417,success
REAL000698,University Campus,withdrawal,100.0,2026-03-22 08:28:05.291548,CUST8795,success
REAL000699,Shopping Mall,withdrawal,120.0,2026-03-11 18:37:05.291773,CUST6289,success
REAL000700,Airport Terminal,withdrawal,200.0,2026-03-13 03:46:05.292021,CUST5567,success
REAL000701,Shopping Mall,balance_check,0.0,2026-03-03 16:38:05.292279,CUST5022,success
REAL000702,University Campus,balance_check,0.0,2026-02-21 20:22:05.292417,CUST4491,success
REAL000703,Hospital Complex,deposit,1013.06,2026-03-28 19:19:05.292569,CUST2847,success
REAL000704,University Campus,balance_check,0.0,2026-03-20 00:11:05.292746,CUST1164,success
REAL000705,University Campus,balance_check,0.0,2026-03-13 18:56:05.292957,CUST1867,success
REAL000706,Airport Terminal,withdrawal,60.0,2026-03-05 17:25:05.293112,CUST7468,success
REAL000707,Shopping Mall,withdrawal,140.0,2026-03-09 18:56:05.293371,CUST2467,success
REAL000708,Hospital Complex,balance_check,0.0,2026-04-11 16:08:05.293571,CUST8892,success
REAL000709,Shopping Mall,withdrawal,120.0,2026-02-21 03:12:05.293771,CUST4555,success
REAL000710,University Campus,withdrawal,300.0,2026-02-23 03:36:05.294001,CUST7238,failed
REAL000711,University Campus,withdrawal,500.0,2026-04-13 11:11:05.294200,CUST6011,success
REAL000712,Shopping Mall,withdrawal,100.0,2026-04-14 15:13:05.294424,CUST2407,success
REAL000713,Hospital Complex,withdrawal,40.0,2026-04-16 23:27:05.294591,CUST1997,success
REAL000714,Shopping Mall,deposit,997.23,2026-03-07 03:24:05.294797,CUST9564,success
REAL000715,Airport Terminal,deposit,1391.44,2026-04-02 16:07:05.294977,CUST1314,success
REAL000716,Airport Terminal,withdrawal,200.0,2026-03-04 04:07:05.295172,CUST6492,success
REAL000717,Hospital Complex,withdrawal,60.0,2026-04-03 05:30:05.295405,CUST8837,failed
REAL000718,Downtown Branch,withdrawal,200.0,2026-04-10 18:05:05.295636,CUST1722,success
REAL000719,University Campus,withdrawal,120.0,2026-03-26 22:58:05.295888,CUST1919,success
REAL000720,Hospital Complex,withdrawal,200.0,2026-03-23 18:50:05.296112,CUST7784,success
REAL000721,Shopping Mall,withdrawal,140.0,2026-03-19 03:30:05.296354,CUST6851,failed
REAL000722,Airport Terminal,withdrawal,140.0,2026-03-02 05:40:05.296554,CUST6027,success
REAL000723,Shopping Mall,balance_check,0.0,2026-04-10 18:10:05.296793,CUST3594,success
REAL000724,University Campus,balance_check,0.0,2026-03-20 19:05:05.296996,CUST8371,success
REAL000725,Downtown Branch,withdrawal,100.0,2026-03-20 02:46:05.297206,CUST6816,success
REAL000726,Airport Terminal,withdrawal,300.0,2026-03-06 15:19:05.297467,CUST7606,success
REAL000727,University Campus,balance_check,0.0,2026-04-15 16:02:05.297697,CUST3042,success
REAL000728,University Campus,withdrawal,200.0,2026-04-13 17:19:05.297890,CUST2101,success
REAL000729,Shopping Mall,withdrawal,60.0,2026-03-01 07:37:05.298088,CUST1508,success
REAL000730,Downtown Branch,withdrawal,40.0,2026-04-12 23:56:05.298324,CUST6171,success
REAL000731,University Campus,withdrawal,120.0,2026-04-09 23:00:05.298570,CUST1151,success
REAL000732,University Campus,withdrawal,200.0,2026-04-16 09:12:05.298759,CUST4395,success
REAL000733,Shopping Mall,balance_check,0.0,2026-03-24 00:03:05.298959,CUST2872,success
REAL000734,Shopping Mall,withdrawal,200.0,2026-02-27 00:07:05.299116,CUST3486,success
REAL000735,Downtown Branch,balance_check,0.0,2026-03-27 01:04:05.299312,CUST9684,failed
REAL000736,Hospital Complex,balance_check,0.0,2026-03-17 15:12:05.299532,CUST6666,success
REAL000737,Shopping Mall,withdrawal,200.0,2026-04-09 00:02:05.299718,CUST3590,success
REAL000738,Airport Terminal,withdrawal,180.0,2026-04-17 19:03:05.299951,CUST7539,success
REAL000739,Airport Terminal,balance_check,0.0,2026-04-08 16:03:05.300177,CUST5095,success
REAL000740,University Campus,balance_check,0.0,2026-02-18 21:20:05.300329,CUST6408,success
REAL000741,Airport Terminal,withdrawal,40.0,2026-03-11 18:51:05.300519,CUST5777,success
REAL000742,Airport Terminal,withdrawal,200.0,2026-03-27 15:36:05.301535,CUST2932,success
REAL000743,Shopping Mall,deposit,1673.55,2026-02-24 03:41:05.301894,CUST4933,success
REAL000744,University Campus,deposit,353.72,2026-04-13 03:27:05.302051,CUST7881,success
REAL000745,Hospital Complex,balance_check,0.0,2026-03-19 20:50:05.302164,CUST2017,success
REAL000746,Airport Terminal,withdrawal,500.0,2026-04-16 15:13:05.302298,CUST6322,success
REAL000747,Airport Terminal,withdrawal,20.0,2026-03-11 15:38:05.302434,CUST9638,success
REAL000748,Shopping Mall,deposit,934.35,2026-03-11 18:08:05.302592,CUST5305,success
REAL000749,Airport Terminal,deposit,980.88,2026-04-09 19:04:05.302755,CUST4185,success
REAL000750,Airport Terminal,transfer,392.06,2026-03-01 18:22:05.302894,CUST6820,success
REAL000751,Downtown Branch,withdrawal,40.0,2026-03-07 06:43:05.303006,CUST4727,success
REAL000752,Shopping Mall,withdrawal,140.0,2026-03-19 15:56:05.303193,CUST4749,success
REAL000753,Hospital Complex,deposit,768.67,2026-03-12 18:23:05.303350,CUST9391,success
REAL000754,Hospital Complex,withdrawal,200.0,2026-02-22 15:49:05.303466,CUST9175,success
REAL000755,Hospital Complex,balance_check,0.0,2026-04-09 17:40:05.303673,CUST9740,success
REAL000756,Hospital Complex,withdrawal,20.0,2026-03-10 18:40:05.303870,CUST6192,success
REAL000757,Hospital Complex,withdrawal,100.0,2026-04-06 15:43:05.304123,CUST7697,success
REAL000758,Downtown Branch,withdrawal,200.0,2026-03-23 23:11:05.304370,CUST7985,success
REAL000759,Airport Terminal,withdrawal,200.0,2026-04-17 00:03:05.304531,CUST4670,success
REAL000760,Downtown Branch,deposit,643.66,2026-03-13 14:49:05.304674,CUST7906,success
REAL000761,University Campus,withdrawal,300.0,2026-03-05 16:39:05.304798,CUST9089,success
REAL000762,Shopping Mall,transfer,261.17,2026-04-10 03:34:05.304976,CUST3000,success
REAL000763,University Campus,withdrawal,300.0,2026-04-04 15:12:05.305118,CUST2322,success
REAL000764,Shopping Mall,withdrawal,100.0,2026-04-09 23:58:05.305250,CUST4787,success
REAL000765,University Campus,balance_check,0.0,2026-03-13 15:21:05.305418,CUST9867,success
REAL000766,Downtown Branch,withdrawal,300.0,2026-02-18 18:13:05.305736,CUST2849,success
REAL000767,University Campus,withdrawal,200.0,2026-02-28 03:47:05.306020,CUST6795,success
REAL000768,University Campus,withdrawal,120.0,2026-04-02 02:19:05.306277,CUST3431,success
REAL000769,Shopping Mall,withdrawal,140.0,2026-03-22 03:15:05.306497,CUST6192,success
REAL000770,Airport Terminal,withdrawal,160.0,2026-04-17 23:17:05.306740,CUST7073,success
REAL000771,University Campus,balance_check,0.0,2026-02-27 16:28:05.307029,CUST5235,success
REAL000772,Shopping Mall,withdrawal,40.0,2026-04-08 02:34:05.307260,CUST9553,success
REAL000773,Airport Terminal,deposit,615.72,2026-03-15 11:33:05.307478,CUST3509,success
REAL000774,Airport Terminal,balance_check,0.0,2026-03-08 23:40:05.307640,CUST6560,success
REAL000775,Hospital Complex,transfer,875.13,2026-04-08 15:55:05.307790,CUST7713,success
REAL000776,University Campus,withdrawal,200.0,2026-04-06 17:05:05.307934,CUST8265,success
REAL000777,Shopping Mall,withdrawal,20.0,2026-04-14 14:38:05.308093,CUST1541,success
REAL000778,Shopping Mall,withdrawal,40.0,2026-03-24 16:12:05.308251,CUST5675,success
REAL000779,Hospital Complex,balance_check,0.0,2026-03-07 02:34:05.308403,CUST8925,success
REAL000780,Airport Terminal,deposit,1043.81,2026-03-07 03:22:05.308532,CUST2129,success
REAL000781,Shopping Mall,balance_check,0.0,2026-03-07 12:44:05.308644,CUST5492,success
REAL000782,University Campus,withdrawal,120.0,2026-03-26 17:16:05.308775,CUST3032,success
REAL000783,University Campus,withdrawal,60.0,2026-03-12 01:35:05.308906,CUST8866,success
REAL000784,University Campus,withdrawal,60.0,2026-02-18 23:39:05.309063,CUST5376,success
REAL000785,Shopping Mall,withdrawal,20.0,2026-04-11 23:50:05.309218,CUST9113,success
REAL000786,Airport Terminal,withdrawal,200.0,2026-03-09 22:36:05.309371,CUST4935,success
REAL000787,Hospital Complex,balance_check,0.0,2026-03-23 02:16:05.309523,CUST6738,success
REAL000788,Airport Terminal,withdrawal,100.0,2026-02-28 18:16:05.309652,CUST1752,pending
REAL000789,University Campus,withdrawal,200.0,2026-03-04 15:19:05.309804,CUST7985,success
REAL000790,Airport Terminal,balance_check,0.0,2026-02-21 03:03:05.309957,CUST5006,success
REAL000791,Hospital Complex,withdrawal,120.0,2026-03-28 22:18:05.310083,CUST7376,success
REAL000792,Airport Terminal,withdrawal,400.0,2026-04-10 23:54:05.310239,CUST6153,success
REAL000793,Shopping Mall,deposit,781.64,2026-03-08 22:13:05.310408,CUST3370,success
REAL000794,Downtown Branch,transfer,324.96,2026-04-08 00:04:05.310546,CUST4675,success
REAL000795,Shopping Mall,withdrawal,100.0,2026-04-06 15:28:05.310684,CUST1355,failed
REAL000796,Downtown Branch,withdrawal,20.0,2026-03-21 22:34:05.310814,CUST9490,success
REAL000797,Shopping Mall,withdrawal,20.0,2026-03-19 03:18:05.310986,CUST8399,success
REAL000798,Airport Terminal,withdrawal,40.0,2026-04-06 02:44:05.311141,CUST2416,success
REAL000799,University Campus,balance_check,0.0,2026-04-19 03:48:05.311294,CUST9547,success
REAL000800,Airport Terminal,withdrawal,100.0,2026-02-19 17:29:05.311423,CUST3349,success
REAL000801,Downtown Branch,transfer,97.37,2026-04-11 07:48:05.311553,CUST7566,success
REAL000802,Shopping Mall,withdrawal,100.0,2026-03-23 03:38:05.311692,CUST3786,success
REAL000803,Hospital Complex,transfer,908.03,2026-02-20 19:04:05.311847,CUST5133,success
REAL000804,Downtown Branch,withdrawal,100.0,2026-02-22 03:37:05.311982,CUST1818,success
REAL000805,Hospital Complex,withdrawal,500.0,2026-04-07 17:21:05.312131,CUST3017,success
REAL000806,Hospital Complex,balance_check,0.0,2026-03-04 02:15:05.312289,CUST4543,failed
REAL000807,University Campus,withdrawal,200.0,2026-04-12 11:45:05.312394,CUST7860,success
REAL000808,University Campus,deposit,1552.68,2026-03-26 05:23:05.312527,CUST1648,success
REAL000809,Downtown Branch,transfer,907.72,2026-03-01 03:56:05.312683,CUST8492,success
REAL000810,University Campus,withdrawal,400.0,2026-03-26 17:51:05.312827,CUST8478,success
REAL000811,Downtown Branch,balance_check,0.0,2026-04-02 02:40:05.312980,CUST2176,success
REAL000812,Hospital Complex,withdrawal,180.0,2026-03-07 18:52:05.313107,CUST8526,success
REAL000813,Downtown Branch,balance_check,0.0,2026-03-04 16:36:05.313259,CUST2951,success
REAL000814,University Campus,balance_check,0.0,2026-03-23 19:03:05.313388,CUST8875,success
REAL000815,Downtown Branch,withdrawal,60.0,2026-03-29 12:58:05.313492,CUST2030,success
REAL000816,Downtown Branch,withdrawal,200.0,2026-03-10 18:57:05.313659,CUST7952,success
REAL000817,University Campus,withdrawal,200.0,2026-03-26 00:07:05.313813,CUST7085,success
REAL000818,Downtown Branch,deposit,1208.51,2026-03-13 17:03:05.313973,CUST4253,success
REAL000819,University Campus,withdrawal,100.0,2026-03-19 15:45:05.314131,CUST4513,success
REAL000820,Airport Terminal,withdrawal,500.0,2026-02-24 15:42:05.314285,CUST9328,success
REAL000821,Hospital Complex,balance_check,0.0,2026-03-30 15:15:05.314439,CUST3907,success
REAL000822,Shopping Mall,balance_check,0.0,2026-03-19 15:20:05.314567,CUST1395,success
REAL000823,University Campus,deposit,470.49,2026-03-13 17:54:05.314695,CUST9405,success
REAL000824,Hospital Complex,withdrawal,160.0,2026-02-19 13:43:05.314808,CUST4345,failed
REAL000825,University Campus,withdrawal,500.0,2026-02-24 18:59:05.314966,CUST8095,success
REAL000826,Hospital Complex,balance_check,0.0,2026-03-30 03:59:05.315120,CUST4771,success
REAL000827,Downtown Branch,deposit,217.18,2026-03-27 18:56:05.315225,CUST5466,success
REAL000828,Airport Terminal,withdrawal,100.0,2026-04-01 17:36:05.315382,CUST2541,success
REAL000829,Downtown Branch,withdrawal,100.0,2026-03-14 18:57:05.315537,CUST6599,success
REAL000830,Shopping Mall,balance_check,0.0,2026-03-06 15:39:05.315690,CUST6463,success
REAL000831,Shopping Mall,withdrawal,300.0,2026-03-14 03:13:05.315819,CUST4285,success
REAL000832,Hospital Complex,withdrawal,20.0,2026-03-07 02:57:05.315973,CUST8637,success
REAL000833,Airport Terminal,withdrawal,100.0,2026-03-08 16:41:05.316145,CUST3165,success
REAL000834,Airport Terminal,balance_check,0.0,2026-03-23 22:33:05.316299,CUST6560,success
REAL000835,Hospital Complex,balance_check,0.0,2026-03-11 05:41:05.316404,CUST5581,success
REAL000836,University Campus,withdrawal,160.0,2026-03-06 18:21:05.316523,CUST7035,success
REAL000837,Airport Terminal,withdrawal,200.0,2026-03-11 00:06:05.317301,CUST6993,success
REAL000838,University Campus,withdrawal,60.0,2026-03-03 03:18:05.317538,CUST4110,success
REAL000839,Hospital Complex,withdrawal,200.0,2026-03-10 23:59:05.317723,CUST2658,success
REAL000840,Airport Terminal,withdrawal,180.0,2026-03-03 11:59:05.317870,CUST6578,success
REAL000841,Airport Terminal,withdrawal,100.0,2026-02-25 01:03:05.318178,CUST5808,success
REAL000842,Downtown Branch,transfer,786.33,2026-04-09 18:35:05.318510,CUST8173,success
REAL000843,Downtown Branch,balance_check,0.0,2026-03-31 15:37:05.318663,CUST9701,success
REAL000844,Airport Terminal,withdrawal,100.0,2026-04-11 15:12:05.318814,CUST2222,success
REAL000845,Airport Terminal,deposit,765.35,2026-03-30 14:19:05.318945,CUST2325,success
REAL000846,Hospital Complex,withdrawal,60.0,2026-03-11 17:26:05.319087,CUST2242,success
REAL000847,University Campus,balance_check,0.0,2026-04-04 23:25:05.319242,CUST2824,success
REAL000848,Downtown Branch,withdrawal,20.0,2026-03-29 23:11:05.319352,CUST1064,success
REAL000849,Shopping Mall,balance_check,0.0,2026-04-11 22:59:05.319525,CUST4083,success
REAL000850,Hospital Complex,balance_check,0.0,2026-03-01 19:44:05.319650,CUST1823,success
REAL000851,University Campus,balance_check,0.0,2026-04-16 02:39:05.319881,CUST6534,success
REAL000852,Airport Terminal,deposit,886.85,2026-02-26 16:53:05.320022,CUST6212,success
REAL000853,Airport Terminal,withdrawal,200.0,2026-04-08 06:02:05.320139,CUST9648,success
REAL000854,Hospital Complex,withdrawal,160.0,2026-02-23 15:14:05.320301,CUST9817,success
REAL000855,Downtown Branch,withdrawal,300.0,2026-03-19 23:29:05.320498,CUST8903,success
REAL000856,Hospital Complex,withdrawal,500.0,2026-02-23 23:48:05.320631,CUST1667,success
REAL000857,Hospital Complex,balance_check,0.0,2026-03-03 17:30:05.320805,CUST4620,success
REAL000858,Downtown Branch,balance_check,0.0,2026-04-11 14:52:05.320913,CUST1809,success
REAL000859,Shopping Mall,withdrawal,500.0,2026-03-23 18:21:05.321048,CUST9445,success
REAL000860,Hospital Complex,deposit,725.24,2026-04-02 15:53:05.321241,CUST3908,success
REAL000861,University Campus,withdrawal,40.0,2026-02-19 00:57:05.321385,CUST9593,success
REAL000862,Downtown Branch,withdrawal,20.0,2026-02-21 06:25:05.321539,CUST2341,success
REAL000863,Shopping Mall,withdrawal,200.0,2026-04-11 20:44:05.321674,CUST1393,success
REAL000864,Airport Terminal,withdrawal,200.0,2026-02-26 00:41:05.321808,CUST4770,success
REAL000865,Hospital Complex,withdrawal,200.0,2026-03-04 14:47:05.321941,CUST7833,success
REAL000866,Airport Terminal,withdrawal,200.0,2026-03-10 14:36:05.322078,CUST4061,success
REAL000867,Airport Terminal,withdrawal,120.0,2026-04-12 15:15:05.322249,CUST8280,success
REAL000868,University Campus,withdrawal,300.0,2026-04-02 17:10:05.322425,CUST5538,success
REAL000869,Shopping Mall,balance_check,0.0,2026-03-27 15:37:05.322579,CUST5584,success
REAL000870,Shopping Mall,withdrawal,200.0,2026-03-15 10:32:05.322687,CUST5418,success
REAL000871,Shopping Mall,withdrawal,160.0,2026-03-31 17:22:05.322843,CUST5784,success
REAL000872,University Campus,withdrawal,120.0,2026-04-13 03:23:05.322998,CUST9728,success
REAL000873,Downtown Branch,withdrawal,500.0,2026-03-21 18:39:05.323151,CUST9226,success
REAL000874,Downtown Branch,withdrawal,100.0,2026-03-23 08:12:05.323280,CUST6409,success
REAL000875,University Campus,withdrawal,180.0,2026-03-20 00:07:05.323430,CUST1028,success
REAL000876,Hospital Complex,deposit,1486.56,2026-03-11 20:56:05.323572,CUST7372,success
REAL000877,Shopping Mall,withdrawal,20.0,2026-03-26 16:03:05.323718,CUST4740,success
REAL000878,Downtown Branch,transfer,581.01,2026-04-15 17:11:05.323885,CUST4808,success
REAL000879,University Campus,withdrawal,100.0,2026-04-01 18:59:05.324021,CUST9128,success
REAL000880,Hospital Complex,withdrawal,20.0,2026-04-05 16:38:05.324178,CUST8065,success
REAL000881,University Campus,withdrawal,60.0,2026-03-26 00:07:05.324330,CUST6780,success
REAL000882,University Campus,withdrawal,20.0,2026-03-25 22:43:05.324516,CUST9340,success
REAL000883,Downtown Branch,withdrawal,120.0,2026-04-03 22:13:05.324648,CUST8233,success
REAL000884,Airport Terminal,withdrawal,160.0,2026-04-02 02:47:05.324780,CUST9780,success
REAL000885,University Campus,withdrawal,400.0,2026-03-26 23:06:05.324912,CUST3986,success
REAL000886,Airport Terminal,withdrawal,300.0,2026-02-21 18:46:05.325343,CUST2353,success
REAL000887,Hospital Complex,withdrawal,400.0,2026-03-26 18:57:05.325615,CUST1804,success
REAL000888,Shopping Mall,withdrawal,120.0,2026-03-29 03:28:05.325789,CUST9444,success
REAL000889,Airport Terminal,withdrawal,300.0,2026-04-18 16:23:05.325946,CUST4057,success
REAL000890,Airport Terminal,balance_check,0.0,2026-02-26 22:38:05.326100,CUST6783,success
REAL000891,Shopping Mall,withdrawal,300.0,2026-03-09 17:59:05.326234,CUST2079,success
REAL000892,Airport Terminal,deposit,1402.85,2026-02-26 22:41:05.326388,CUST9791,success
REAL000893,Downtown Branch,withdrawal,20.0,2026-03-07 18:43:05.326561,CUST5864,success
REAL000894,University Campus,withdrawal,20.0,2026-03-30 15:46:05.326716,CUST2309,success
REAL000895,Hospital Complex,withdrawal,300.0,2026-03-14 18:04:05.326877,CUST3711,success
REAL000896,Shopping Mall,balance_check,0.0,2026-04-04 10:31:05.327017,CUST2834,success
REAL000897,Airport Terminal,withdrawal,200.0,2026-02-24 18:30:05.327156,CUST4258,success
REAL000898,Airport Terminal,balance_check,0.0,2026-03-04 00:27:05.327287,CUST5480,success
REAL000899,Downtown Branch,withdrawal,300.0,2026-04-17 16:52:05.327418,CUST1109,success
REAL000900,Downtown Branch,withdrawal,100.0,2026-03-31 03:16:05.327548,CUST1104,success
REAL000901,Hospital Complex,withdrawal,60.0,2026-03-09 02:26:05.327704,CUST1783,success
REAL000902,Airport Terminal,balance_check,0.0,2026-03-12 07:50:05.327833,CUST3261,success
REAL000903,Airport Terminal,balance_check,0.0,2026-03-18 04:07:05.327974,CUST2386,success
REAL000904,Hospital Complex,balance_check,0.0,2026-02-22 13:05:05.328079,CUST2425,success
REAL000905,Downtown Branch,withdrawal,40.0,2026-04-17 12:21:05.328186,CUST8804,success
REAL000906,Downtown Branch,withdrawal,500.0,2026-03-30 03:00:05.328318,CUST3367,success
REAL000907,Downtown Branch,withdrawal,300.0,2026-03-28 03:25:05.328507,CUST3107,success
REAL000908,Airport Terminal,withdrawal,500.0,2026-02-18 19:03:05.328662,CUST5109,success
REAL000909,University Campus,withdrawal,180.0,2026-04-11 17:43:05.328816,CUST1818,success
REAL000910,Hospital Complex,withdrawal,60.0,2026-03-21 16:51:05.328970,CUST8232,success
REAL000911,Downtown Branch,balance_check,0.0,2026-03-30 23:59:05.329124,CUST3401,success
REAL000912,University Campus,withdrawal,200.0,2026-03-31 00:08:05.329266,CUST6615,success
REAL000913,Hospital Complex,withdrawal,200.0,2026-03-17 03:56:05.329419,CUST3170,success
REAL000914,Hospital Complex,withdrawal,100.0,2026-03-03 20:00:05.329557,CUST7853,success
REAL000915,Airport Terminal,withdrawal,60.0,2026-03-31 03:21:05.329721,CUST9984,success
REAL000916,Airport Terminal,deposit,1563.43,2026-04-07 16:59:05.329875,CUST4201,success
REAL000917,Hospital Complex,transfer,325.43,2026-04-03 18:57:05.330013,CUST8083,success
REAL000918,Shopping Mall,withdrawal,40.0,2026-04-14 22:19:05.330124,CUST4347,success
REAL000919,Shopping Mall,balance_check,0.0,2026-02-28 18:59:05.330282,CUST7902,success
REAL000920,Hospital Complex,withdrawal,500.0,2026-04-05 19:05:05.330411,CUST6298,success
REAL000921,Airport Terminal,withdrawal,500.0,2026-04-08 23:53:05.330582,CUST5663,success
REAL000922,Downtown Branch,withdrawal,80.0,2026-03-19 17:43:05.330719,CUST9001,success
REAL000923,Airport Terminal,withdrawal,200.0,2026-04-07 02:34:05.330876,CUST5922,success
REAL000924,Downtown Branch,balance_check,0.0,2026-03-19 02:15:05.331039,CUST3024,success
REAL000925,Shopping Mall,deposit,493.06,2026-04-09 18:22:05.331169,CUST9641,success
REAL000926,Downtown Branch,balance_check,0.0,2026-03-21 18:51:05.331303,CUST4175,success
REAL000927,Shopping Mall,withdrawal,80.0,2026-03-20 23:44:05.331431,CUST9130,success
REAL000928,Hospital Complex,balance_check,0.0,2026-04-02 14:33:05.331562,CUST8844,success
REAL000929,University Campus,withdrawal,300.0,2026-02-25 15:22:05.331702,CUST1869,success
REAL000930,Hospital Complex,withdrawal,200.0,2026-03-02 15:42:05.331856,CUST7524,success
REAL000931,University Campus,withdrawal,100.0,2026-04-06 17:21:05.332009,CUST3873,success
REAL000932,Hospital Complex,withdrawal,300.0,2026-04-06 15:56:05.332161,CUST8737,success
REAL000933,Hospital Complex,withdrawal,100.0,2026-03-02 18:49:05.332321,CUST4374,success
REAL000934,Shopping Mall,withdrawal,20.0,2026-03-18 16:26:05.332488,CUST6108,success
REAL000935,Airport Terminal,withdrawal,500.0,2026-03-01 22:18:05.332642,CUST6374,success
REAL000936,Airport Terminal,deposit,887.22,2026-03-20 17:36:05.332804,CUST9749,success
REAL000937,University Campus,withdrawal,60.0,2026-02-21 17:15:05.332942,CUST9853,success
REAL000938,Hospital Complex,balance_check,0.0,2026-03-04 16:00:05.333096,CUST2543,success
REAL000939,University Campus,withdrawal,200.0,2026-02-27 03:54:05.333225,CUST9529,success
REAL000940,Hospital Complex,withdrawal,200.0,2026-03-11 19:22:05.333355,CUST3130,success
REAL000941,Shopping Mall,withdrawal,100.0,2026-03-15 22:22:05.333641,CUST7265,success
REAL000942,Shopping Mall,withdrawal,20.0,2026-03-27 17:46:05.333959,CUST6938,success
REAL000943,Downtown Branch,balance_check,0.0,2026-03-12 19:33:05.334117,CUST1652,success
REAL000944,Downtown Branch,transfer,414.31,2026-03-07 18:25:05.334255,CUST8689,success
REAL000945,Hospital Complex,deposit,1842.23,2026-03-05 17:25:05.334415,CUST4923,pending
REAL000946,University Campus,withdrawal,500.0,2026-04-08 19:00:05.334562,CUST5784,success
REAL000947,Downtown Branch,deposit,1101.78,2026-03-25 19:10:05.334714,CUST5725,success
REAL000948,Airport Terminal,withdrawal,120.0,2026-04-17 15:55:05.334941,CUST3990,success
REAL000949,Shopping Mall,withdrawal,20.0,2026-03-26 16:22:05.335180,CUST3402,success
REAL000950,University Campus,transfer,260.38,2026-03-28 04:05:05.335362,CUST3431,success
REAL000951,University Campus,balance_check,0.0,2026-03-02 11:43:05.335521,CUST5814,success
REAL000952,Airport Terminal,withdrawal,180.0,2026-03-31 23:45:05.335661,CUST8464,success
REAL000953,Hospital Complex,withdrawal,20.0,2026-02-27 03:41:05.335813,CUST2789,success
REAL000954,University Campus,deposit,117.41,2026-03-12 21:30:05.335966,CUST6494,success
REAL000955,University Campus,withdrawal,100.0,2026-03-20 03:02:05.336187,CUST2181,success
REAL000956,Downtown Branch,withdrawal,300.0,2026-03-08 03:54:05.336418,CUST9283,success
REAL000957,Airport Terminal,balance_check,0.0,2026-03-10 16:25:05.336625,CUST2245,success
REAL000958,Airport Terminal,withdrawal,500.0,2026-03-01 14:12:05.336818,CUST7981,success
REAL000959,Downtown Branch,deposit,475.15,2026-03-28 16:27:05.337020,CUST8436,failed
REAL000960,Downtown Branch,balance_check,0.0,2026-03-18 09:48:05.337187,CUST2186,success
REAL000961,Hospital Complex,withdrawal,300.0,2026-03-05 15:48:05.337352,CUST1117,success
REAL000962,Hospital Complex,withdrawal,160.0,2026-04-05 21:50:05.337486,CUST1865,success
REAL000963,Shopping Mall,balance_check,0.0,2026-02-23 15:18:05.337644,CUST6829,success
REAL000964,Shopping Mall,deposit,818.86,2026-04-06 12:26:05.337864,CUST7681,success
REAL000965,University Campus,withdrawal,180.0,2026-02-22 22:51:05.338017,CUST4052,success
REAL000966,Downtown Branch,deposit,1225.88,2026-04-10 08:44:05.338161,CUST9903,success
REAL000967,Downtown Branch,withdrawal,300.0,2026-02-24 19:08:05.338316,CUST8986,success
REAL000968,Downtown Branch,withdrawal,400.0,2026-04-01 02:13:05.338479,CUST4240,success
REAL000969,Airport Terminal,balance_check,0.0,2026-03-19 19:02:05.338633,CUST8727,success
REAL000970,Shopping Mall,withdrawal,40.0,2026-03-09 15:33:05.338782,CUST4118,success
REAL000971,Hospital Complex,withdrawal,500.0,2026-04-06 22:58:05.338959,CUST8939,success
REAL000972,Shopping Mall,withdrawal,300.0,2026-03-07 23:53:05.339169,CUST3107,success
REAL000973,University Campus,balance_check,0.0,2026-04-05 17:11:05.339370,CUST1625,failed
REAL000974,University Campus,withdrawal,180.0,2026-03-20 15:42:05.339505,CUST8928,success
REAL000975,Airport Terminal,withdrawal,120.0,2026-03-04 18:47:05.339636,CUST9431,success
REAL000976,Hospital Complex,withdrawal,200.0,2026-04-09 03:58:05.339774,CUST8002,success
REAL000977,Airport Terminal,withdrawal,500.0,2026-03-03 18:11:05.339936,CUST1559,success
REAL000978,Downtown Branch,balance_check,0.0,2026-03-29 17:56:05.340090,CUST9652,success
REAL000979,Downtown Branch,deposit,1862.58,2026-03-09 17:39:05.340221,CUST7411,success
REAL000980,Downtown Branch,withdrawal,60.0,2026-03-26 07:08:05.340347,CUST2682,failed
REAL000981,Downtown Branch,withdrawal,140.0,2026-04-18 00:00:05.340506,CUST5939,success
REAL000982,Airport Terminal,withdrawal,120.0,2026-03-08 02:12:05.340660,CUST5512,success
REAL000983,Downtown Branch,transfer,87.33,2026-03-12 23:45:05.340816,CUST5183,success
REAL000984,Shopping Mall,withdrawal,120.0,2026-04-07 14:52:05.340929,CUST3108,success
REAL000985,Hospital Complex,withdrawal,400.0,2026-03-05 00:38:05.341061,CUST4900,success
REAL000986,University Campus,withdrawal,200.0,2026-04-13 03:05:05.341217,CUST2845,success
REAL000987,Shopping Mall,withdrawal,200.0,2026-04-08 22:39:05.341392,CUST8714,success
REAL000988,Hospital Complex,balance_check,0.0,2026-03-24 18:12:05.341557,CUST8833,failed
REAL000989,Downtown Branch,withdrawal,200.0,2026-02-22 15:41:05.341688,CUST7823,success
REAL000990,University Campus,withdrawal,500.0,2026-04-06 18:58:05.341842,CUST1071,success
REAL000991,Shopping Mall,withdrawal,180.0,2026-02-21 17:52:05.341994,CUST5102,success
REAL000992,Shopping Mall,transfer,583.09,2026-03-10 22:47:05.342160,CUST4872,success
REAL000993,University Campus,withdrawal,20.0,2026-03-18 02:02:05.342277,CUST3666,success
REAL000994,Airport Terminal,balance_check,0.0,2026-02-19 19:43:05.342410,CUST6899,success
REAL000995,Downtown Branch,withdrawal,200.0,2026-04-14 22:26:05.342541,CUST9848,failed
REAL000996,Shopping Mall,withdrawal,100.0,2026-03-05 22:57:05.342692,CUST5019,success
REAL000997,University Campus,withdrawal,140.0,2026-03-19 02:59:05.342853,CUST2074,success
REAL000998,Downtown Branch,withdrawal,400.0,2026-03-06 19:06:05.343007,CUST3338,success
REAL000999,Shopping Mall,balance_check,0.0,2026-02-19 22:25:05.343159,CUST1600,success
REAL001000,Shopping Mall,withdrawal,60.0,2026-02-21 03:43:05.343307,CUST8400,success
REAL001001,Shopping Mall,withdrawal,140.0,2026-03-07 17:38:05.343460,CUST3588,success
REAL001002,Downtown Branch,withdrawal,100.0,2026-04-19 09:17:05.343588,CUST8034,success
REAL001003,Downtown Branch,balance_check,0.0,2026-04-06 22:31:05.343744,CUST7468,success
REAL001004,Airport Terminal,withdrawal,160.0,2026-03-25 15:21:05.343871,CUST6672,success
REAL001005,Hospital Complex,withdrawal,200.0,2026-02-20 09:19:05.344000,CUST4041,success
REAL001006,University Campus,withdrawal,120.0,2026-04-16 16:02:05.344157,CUST2631,success
REAL001007,Airport Terminal,withdrawal,200.0,2026-04-15 03:20:05.344310,CUST4012,success
REAL001008,Airport Terminal,deposit,888.5,2026-03-17 03:11:05.344463,CUST2184,success
REAL001009,Airport Terminal,withdrawal,500.0,2026-04-03 16:48:05.344576,CUST4133,success
REAL001010,Airport Terminal,balance_check,0.0,2026-04-18 18:27:05.344812,CUST7249,success
REAL001011,Downtown Branch,balance_check,0.0,2026-04-05 17:06:05.344954,CUST1897,success
REAL001012,Hospital Complex,withdrawal,180.0,2026-04-01 03:44:05.345082,CUST5262,success
REAL001013,University Campus,withdrawal,400.0,2026-03-13 16:00:05.345237,CUST4561,success
REAL001014,Shopping Mall,withdrawal,300.0,2026-04-03 06:44:05.345401,CUST6969,success
REAL001015,Hospital Complex,withdrawal,140.0,2026-04-11 17:52:05.345564,CUST5099,success
REAL001016,Downtown Branch,balance_check,0.0,2026-03-26 16:23:05.345718,CUST2054,success
REAL001017,Shopping Mall,withdrawal,300.0,2026-03-26 16:01:05.345847,CUST1544,success
REAL001018,University Campus,balance_check,0.0,2026-03-24 08:41:05.345977,CUST1096,success
REAL001019,Airport Terminal,withdrawal,180.0,2026-04-10 23:00:05.346113,CUST2146,success
REAL001020,Downtown Branch,withdrawal,400.0,2026-03-09 22:14:05.346267,CUST2461,pending
REAL001021,Hospital Complex,withdrawal,200.0,2026-03-26 03:11:05.346421,CUST8262,success
REAL001022,Shopping Mall,withdrawal,200.0,2026-02-21 18:30:05.346550,CUST3484,success
REAL001023,Downtown Branch,withdrawal,140.0,2026-03-12 15:47:05.346713,CUST8743,success
REAL001024,Downtown Branch,withdrawal,60.0,2026-04-11 23:13:05.346842,CUST4285,success
REAL001025,Downtown Branch,deposit,1526.27,2026-03-09 15:51:05.346998,CUST3273,success
REAL001026,Shopping Mall,withdrawal,100.0,2026-04-06 08:06:05.347112,CUST2589,success
REAL001027,Downtown Branch,withdrawal,100.0,2026-04-03 23:28:05.347245,CUST4683,success
REAL001028,Shopping Mall,withdrawal,400.0,2026-03-18 17:13:05.347418,CUST2728,success
REAL001029,Hospital Complex,balance_check,0.0,2026-02-26 08:56:05.347547,CUST7212,success
REAL001030,Hospital Complex,withdrawal,200.0,2026-03-25 23:50:05.347732,CUST4148,success
REAL001031,Downtown Branch,transfer,536.97,2026-04-11 23:26:05.347897,CUST2284,success
REAL001032,Hospital Complex,withdrawal,200.0,2026-04-17 04:06:05.348044,CUST9733,success
REAL001033,University Campus,withdrawal,200.0,2026-03-08 01:20:05.348174,CUST8032,success
REAL001034,University Campus,withdrawal,160.0,2026-03-07 15:54:05.348331,CUST5576,success
REAL001035,University Campus,withdrawal,100.0,2026-03-13 15:55:05.348485,CUST5782,success
REAL001036,Airport Terminal,withdrawal,100.0,2026-03-19 18:38:05.348638,CUST1623,success
REAL001037,University Campus,withdrawal,200.0,2026-04-14 03:43:05.348801,CUST5114,success
REAL001038,Downtown Branch,deposit,204.1,2026-03-03 03:40:05.348959,CUST6302,success
REAL001039,Hospital Complex,transfer,415.9,2026-03-28 17:05:05.349101,CUST4540,success
REAL001040,Shopping Mall,withdrawal,200.0,2026-04-11 16:55:05.349238,CUST3847,success
REAL001041,University Campus,withdrawal,500.0,2026-02-26 22:25:05.349414,CUST6283,success
REAL001042,Hospital Complex,balance_check,0.0,2026-03-17 22:27:05.349760,CUST6137,success
REAL001043,Hospital Complex,withdrawal,200.0,2026-04-03 16:54:05.349891,CUST3758,success
REAL001044,Hospital Complex,withdrawal,200.0,2026-02-23 23:18:05.350052,CUST1832,success
REAL001045,Shopping Mall,balance_check,0.0,2026-03-15 15:14:05.350220,CUST1684,success
REAL001046,Shopping Mall,deposit,124.72,2026-04-11 18:33:05.350350,CUST9493,success
REAL001047,Shopping Mall,withdrawal,100.0,2026-04-18 15:10:05.350480,CUST2331,success
REAL001048,Downtown Branch,balance_check,0.0,2026-04-14 03:14:05.350645,CUST6263,success
REAL001049,University Campus,withdrawal,40.0,2026-03-10 07:27:05.350751,CUST6467,success
REAL001050,Airport Terminal,withdrawal,120.0,2026-03-24 00:34:05.350888,CUST5320,success
REAL001051,Airport Terminal,deposit,1821.29,2026-02-20 00:07:05.351047,CUST7032,success
REAL001052,University Campus,deposit,1866.21,2026-02-24 17:16:05.351199,CUST9216,success
REAL001053,Shopping Mall,withdrawal,180.0,2026-03-20 04:05:05.351376,CUST7884,success
REAL001054,Airport Terminal,withdrawal,140.0,2026-04-05 19:28:05.351573,CUST5023,success
REAL001055,Airport Terminal,withdrawal,500.0,2026-02-24 17:53:05.351715,CUST1232,success
REAL001056,Downtown Branch,withdrawal,200.0,2026-03-31 15:26:05.351874,CUST1889,success
REAL001057,Airport Terminal,withdrawal,120.0,2026-02-23 03:25:05.352027,CUST8624,success
REAL001058,Hospital Complex,deposit,1794.94,2026-03-07 16:02:05.352264,CUST3415,success
REAL001059,University Campus,withdrawal,140.0,2026-02-26 18:03:05.352471,CUST5578,success
REAL001060,Downtown Branch,withdrawal,100.0,2026-04-03 15:54:05.352661,CUST9090,success
REAL001061,University Campus,withdrawal,400.0,2026-03-05 16:15:05.352861,CUST7030,failed
REAL001062,University Campus,balance_check,0.0,2026-03-17 22:18:05.353090,CUST1242,success
REAL001063,Shopping Mall,withdrawal,300.0,2026-02-23 23:46:05.353241,CUST2550,success
REAL001064,Shopping Mall,balance_check,0.0,2026-03-19 04:00:05.353427,CUST7539,success
REAL001065,Shopping Mall,deposit,595.27,2026-03-30 14:14:05.353554,CUST1756,success
REAL001066,University Campus,balance_check,0.0,2026-03-31 11:55:05.353741,CUST9055,success
REAL001067,Airport Terminal,withdrawal,100.0,2026-03-31 22:56:05.353916,CUST5008,success
REAL001068,Hospital Complex,withdrawal,200.0,2026-03-06 22:24:05.354120,CUST2793,success
REAL001069,Airport Terminal,balance_check,0.0,2026-03-25 05:54:05.354409,CUST5190,success
REAL001070,Hospital Complex,withdrawal,100.0,2026-02-21 02:02:05.354612,CUST5150,failed
REAL001071,Shopping Mall,deposit,1967.04,2026-03-25 03:50:05.354845,CUST2145,success
REAL001072,Hospital Complex,balance_check,0.0,2026-02-22 03:00:05.355044,CUST3268,success
REAL001073,Hospital Complex,withdrawal,100.0,2026-03-19 04:49:05.355199,CUST2287,success
REAL001074,Airport Terminal,deposit,1256.31,2026-03-21 03:47:05.355400,CUST3529,success
REAL001075,Airport Terminal,balance_check,0.0,2026-03-28 02:12:05.355587,CUST2897,success
REAL001076,Airport Terminal,withdrawal,20.0,2026-02-22 15:12:05.355757,CUST8255,success
REAL001077,University Campus,balance_check,0.0,2026-04-06 04:05:05.355967,CUST3550,success
REAL001078,Shopping Mall,balance_check,0.0,2026-02-24 16:59:05.356157,CUST5511,success
REAL001079,Shopping Mall,withdrawal,300.0,2026-02-27 03:18:05.356296,CUST7609,success
REAL001080,Airport Terminal,withdrawal,100.0,2026-03-25 16:48:05.356503,CUST3970,success
REAL001081,Hospital Complex,withdrawal,200.0,2026-04-18 19:11:05.356691,CUST6154,success
REAL001082,Hospital Complex,withdrawal,200.0,2026-02-24 17:12:05.356972,CUST4675,success
REAL001083,University Campus,withdrawal,200.0,2026-04-16 00:04:05.357212,CUST3810,success
REAL001084,Airport Terminal,withdrawal,100.0,2026-03-09 13:07:05.357420,CUST2377,success
REAL001085,Airport Terminal,withdrawal,200.0,2026-04-17 17:46:05.357669,CUST9974,success
REAL001086,Downtown Branch,balance_check,0.0,2026-02-19 13:52:05.357878,CUST6938,success
REAL001087,Hospital Complex,deposit,1739.08,2026-04-10 06:53:05.358035,CUST2285,success
REAL001088,University Campus,withdrawal,300.0,2026-04-16 23:17:05.358233,CUST4818,success
REAL001089,Shopping Mall,withdrawal,300.0,2026-04-06 00:44:05.358430,CUST5408,success
REAL001090,Downtown Branch,withdrawal,100.0,2026-02-25 16:19:05.358668,CUST6741,failed
REAL001091,Airport Terminal,withdrawal,80.0,2026-03-12 00:00:05.358907,CUST5692,success
REAL001092,University Campus,withdrawal,100.0,2026-03-25 17:37:05.359108,CUST4378,success
REAL001093,Shopping Mall,withdrawal,300.0,2026-03-12 19:04:05.359304,CUST1264,success
REAL001094,Downtown Branch,withdrawal,120.0,2026-04-03 22:27:05.359552,CUST8044,success
REAL001095,Hospital Complex,withdrawal,100.0,2026-02-22 23:10:05.359746,CUST3179,success
REAL001096,Shopping Mall,withdrawal,200.0,2026-02-22 15:18:05.359966,CUST2389,success
REAL001097,Shopping Mall,withdrawal,200.0,2026-03-31 15:35:05.360160,CUST1442,success
REAL001098,Downtown Branch,withdrawal,200.0,2026-03-24 17:29:05.360391,CUST2031,success
REAL001099,Hospital Complex,deposit,659.96,2026-03-27 03:44:05.360613,CUST2291,success
REAL001100,Airport Terminal,withdrawal,60.0,2026-02-21 02:59:05.360829,CUST3800,success
REAL001101,Shopping Mall,balance_check,0.0,2026-04-06 16:40:05.361063,CUST6920,success
REAL001102,Downtown Branch,balance_check,0.0,2026-04-09 23:32:05.361230,CUST1318,success
REAL001103,University Campus,balance_check,0.0,2026-03-30 16:02:05.361452,CUST9592,success
REAL001104,Hospital Complex,transfer,740.27,2026-04-01 03:11:05.361660,CUST2973,success
REAL001105,Shopping Mall,withdrawal,200.0,2026-04-05 03:08:05.361872,CUST9581,failed
REAL001106,Hospital Complex,withdrawal,40.0,2026-04-12 23:12:05.362107,CUST8236,success
REAL001107,Hospital Complex,withdrawal,200.0,2026-03-16 03:52:05.362335,CUST5994,success
REAL001108,Airport Terminal,balance_check,0.0,2026-03-15 18:17:05.362560,CUST6539,success
REAL001109,Shopping Mall,transfer,633.02,2026-03-10 15:52:05.362762,CUST5747,success
REAL001110,University Campus,withdrawal,160.0,2026-04-09 16:30:05.362968,CUST4705,success
REAL001111,Downtown Branch,withdrawal,300.0,2026-04-10 03:40:05.363196,CUST3696,success
REAL001112,Shopping Mall,withdrawal,200.0,2026-03-27 03:00:05.363443,CUST4708,success
REAL001113,University Campus,withdrawal,500.0,2026-04-07 03:57:05.363668,CUST8767,success
REAL001114,Downtown Branch,withdrawal,200.0,2026-04-07 16:11:05.363911,CUST6932,success
REAL001115,Shopping Mall,withdrawal,200.0,2026-03-29 03:22:05.364101,CUST8887,success
REAL001116,Airport Terminal,withdrawal,20.0,2026-03-08 18:10:05.364342,CUST2878,success
REAL001117,Downtown Branch,withdrawal,40.0,2026-02-21 03:25:05.364564,CUST3980,success
REAL001118,Hospital Complex,deposit,1742.04,2026-04-03 15:45:05.364788,CUST8565,success
REAL001119,Airport Terminal,withdrawal,100.0,2026-04-15 19:01:05.364987,CUST1815,success
REAL001120,University Campus,transfer,765.34,2026-02-24 02:43:05.365211,CUST5513,success
REAL001121,Shopping Mall,deposit,1141.96,2026-03-07 15:17:05.365446,CUST3282,success
REAL001122,Hospital Complex,transfer,851.14,2026-02-20 06:44:05.365623,CUST3260,success
REAL001123,Hospital Complex,deposit,952.78,2026-03-10 06:41:05.365798,CUST4038,success
REAL001124,Shopping Mall,withdrawal,80.0,2026-03-15 16:19:05.366017,CUST3470,success
REAL001125,University Campus,balance_check,0.0,2026-03-05 18:45:05.366260,CUST4093,success
REAL001126,Shopping Mall,withdrawal,200.0,2026-03-25 23:25:05.366426,CUST2618,success
REAL001127,Hospital Complex,withdrawal,100.0,2026-03-03 03:10:05.366618,CUST6556,success
REAL001128,Hospital Complex,withdrawal,80.0,2026-03-24 15:55:05.366856,CUST9721,success
REAL001129,University Campus,transfer,382.76,2026-04-18 23:05:05.367076,CUST3649,success
REAL001130,University Campus,balance_check,0.0,2026-03-07 16:53:05.367275,CUST1607,success
REAL001131,Downtown Branch,withdrawal,40.0,2026-02-20 06:11:05.367454,CUST4838,failed
REAL001132,Shopping Mall,deposit,1926.85,2026-04-11 15:44:05.367661,CUST7783,success
REAL001133,Downtown Branch,withdrawal,80.0,2026-03-03 16:54:05.367851,CUST8211,success
REAL001134,Downtown Branch,withdrawal,300.0,2026-04-11 18:21:05.368103,CUST2406,success
REAL001135,Downtown Branch,withdrawal,200.0,2026-04-10 23:13:05.368609,CUST8644,success
REAL001136,Hospital Complex,balance_check,0.0,2026-03-02 04:15:05.368886,CUST9422,pending
REAL001137,University Campus,withdrawal,20.0,2026-02-27 18:03:05.369174,CUST8980,success
REAL001138,Hospital Complex,balance_check,0.0,2026-03-17 14:11:05.369458,CUST1076,success
REAL001139,Downtown Branch,withdrawal,60.0,2026-03-14 22:56:05.369840,CUST2485,success
REAL001140,Downtown Branch,deposit,1888.16,2026-02-27 08:29:05.370152,CUST2779,success
REAL001141,Airport Terminal,withdrawal,400.0,2026-03-17 23:02:05.370369,CUST5341,success
REAL001142,Hospital Complex,withdrawal,500.0,2026-03-21 16:52:05.370601,CUST1562,success
REAL001143,Airport Terminal,withdrawal,100.0,2026-03-08 17:30:05.370826,CUST4598,success
REAL001144,Downtown Branch,withdrawal,140.0,2026-04-07 17:14:05.371019,CUST7676,success
REAL001145,Downtown Branch,withdrawal,200.0,2026-03-11 17:54:05.371261,CUST5526,success
REAL001146,University Campus,balance_check,0.0,2026-02-25 23:49:05.371487,CUST7852,success
REAL001147,University Campus,withdrawal,300.0,2026-03-10 16:02:05.371690,CUST6340,success
REAL001148,University Campus,withdrawal,120.0,2026-03-05 15:26:05.371985,CUST8631,success
REAL001149,Downtown Branch,balance_check,0.0,2026-03-23 18:46:05.372231,CUST6688,success
REAL001150,Downtown Branch,withdrawal,160.0,2026-03-08 02:02:05.372416,CUST7875,success
REAL001151,Hospital Complex,withdrawal,500.0,2026-04-15 23:07:05.372643,CUST3500,success
REAL001152,Downtown Branch,withdrawal,40.0,2026-04-02 02:50:05.372871,CUST6430,success
REAL001153,University Campus,withdrawal,100.0,2026-03-10 04:04:05.373070,CUST6790,success
REAL001154,Airport Terminal,withdrawal,120.0,2026-04-09 03:32:05.373300,CUST6913,success
REAL001155,Downtown Branch,withdrawal,200.0,2026-04-12 02:25:05.373484,CUST1329,success
REAL001156,University Campus,withdrawal,200.0,2026-03-27 21:16:05.373671,CUST7170,success
REAL001157,University Campus,withdrawal,500.0,2026-04-18 17:26:05.373926,CUST3593,success
REAL001158,Hospital Complex,withdrawal,100.0,2026-04-12 05:50:05.374137,CUST5077,success
REAL001159,Hospital Complex,withdrawal,400.0,2026-04-01 09:59:05.374335,CUST8391,success
REAL001160,University Campus,withdrawal,140.0,2026-02-22 02:20:05.374580,CUST7393,success
REAL001161,Hospital Complex,withdrawal,200.0,2026-02-28 02:11:05.374826,CUST5227,success
REAL001162,Shopping Mall,deposit,924.08,2026-04-04 02:59:05.375026,CUST1948,success
REAL001163,Airport Terminal,balance_check,0.0,2026-04-09 19:06:05.375209,CUST3093,success
REAL001164,Airport Terminal,withdrawal,20.0,2026-03-04 03:05:05.375405,CUST6604,success
REAL001165,University Campus,withdrawal,200.0,2026-04-06 23:26:05.375621,CUST3514,success
REAL001166,University Campus,withdrawal,140.0,2026-03-14 03:30:05.375840,CUST2018,success
REAL001167,Downtown Branch,withdrawal,500.0,2026-03-25 04:06:05.376017,CUST3280,success
REAL001168,Shopping Mall,withdrawal,180.0,2026-02-22 06:36:05.376155,CUST6543,success
REAL001169,Shopping Mall,balance_check,0.0,2026-03-16 18:11:05.376312,CUST4046,success
REAL001170,University Campus,withdrawal,100.0,2026-03-13 17:21:05.376444,CUST2760,success
REAL001171,University Campus,withdrawal,100.0,2026-04-08 00:18:05.376574,CUST1906,success
REAL001172,Downtown Branch,withdrawal,500.0,2026-04-11 16:49:05.376731,CUST5615,success
REAL001173,University Campus,withdrawal,100.0,2026-03-15 23:46:05.376886,CUST7975,success
REAL001174,Downtown Branch,deposit,1444.97,2026-04-14 17:06:05.377039,CUST9823,success
REAL001175,Downtown Branch,withdrawal,200.0,2026-03-02 14:30:05.377156,CUST4955,success
REAL001176,Hospital Complex,withdrawal,120.0,2026-04-18 16:32:05.377313,CUST7630,success
REAL001177,University Campus,withdrawal,500.0,2026-02-24 04:03:05.377467,CUST8614,success
REAL001178,Hospital Complex,balance_check,0.0,2026-03-24 15:16:05.377620,CUST5062,success
REAL001179,University Campus,withdrawal,60.0,2026-04-14 17:53:05.377766,CUST7163,success
REAL001180,University Campus,withdrawal,160.0,2026-03-04 03:51:05.377940,CUST5710,success
REAL001181,Airport Terminal,withdrawal,100.0,2026-04-11 22:45:05.378068,CUST8035,success
REAL001182,University Campus,withdrawal,200.0,2026-04-12 17:42:05.378224,CUST4060,success
REAL001183,Airport Terminal,withdrawal,40.0,2026-03-19 05:21:05.378353,CUST1847,failed
REAL001184,Shopping Mall,withdrawal,100.0,2026-04-13 23:45:05.378515,CUST3365,success
REAL001185,Downtown Branch,withdrawal,300.0,2026-03-11 23:14:05.378644,CUST8795,success
REAL001186,Airport Terminal,withdrawal,200.0,2026-03-25 19:07:05.378800,CUST5349,success
REAL001187,University Campus,withdrawal,20.0,2026-03-14 03:20:05.378958,CUST7189,success
REAL001188,Airport Terminal,withdrawal,140.0,2026-04-01 07:41:05.379089,CUST5839,success
REAL001189,University Campus,balance_check,0.0,2026-04-08 22:55:05.379228,CUST9348,success
REAL001190,Shopping Mall,balance_check,0.0,2026-04-06 15:57:05.379362,CUST5666,success
REAL001191,Downtown Branch,withdrawal,300.0,2026-03-03 16:38:05.379490,CUST3063,success
REAL001192,Airport Terminal,withdrawal,120.0,2026-04-14 03:25:05.379693,CUST8642,success
REAL001193,Hospital Complex,withdrawal,100.0,2026-03-12 00:17:05.379870,CUST8478,success
REAL001194,Shopping Mall,balance_check,0.0,2026-02-20 03:05:05.380036,CUST9269,success
REAL001195,Airport Terminal,transfer,745.68,2026-03-09 17:31:05.380170,CUST5861,success
REAL001196,Shopping Mall,withdrawal,200.0,2026-03-18 18:57:05.380310,CUST3072,success
REAL001197,University Campus,withdrawal,200.0,2026-03-08 06:20:05.380441,CUST7634,success
REAL001198,University Campus,balance_check,0.0,2026-03-17 03:03:05.380598,CUST5135,success
REAL001199,Downtown Branch,balance_check,0.0,2026-03-17 17:35:05.380727,CUST9674,failed
REAL001200,Airport Terminal,withdrawal,300.0,2026-03-05 16:14:05.381050,CUST7227,failed
REAL001201,Hospital Complex,balance_check,0.0,2026-03-27 22:45:05.381323,CUST6289,success
REAL001202,Shopping Mall,balance_check,0.0,2026-03-09 02:46:05.381542,CUST8368,success
REAL001203,Shopping Mall,withdrawal,200.0,2026-03-25 15:20:05.381742,CUST7486,success
REAL001204,University Campus,withdrawal,140.0,2026-04-18 18:15:05.381982,CUST7395,success
REAL001205,Airport Terminal,withdrawal,300.0,2026-04-12 05:41:05.382185,CUST3939,success
REAL001206,Downtown Branch,balance_check,0.0,2026-03-06 17:37:05.382394,CUST4996,success
REAL001207,Downtown Branch,withdrawal,180.0,2026-03-27 23:41:05.382626,CUST2614,success
REAL001208,Downtown Branch,withdrawal,180.0,2026-04-04 17:35:05.382855,CUST6733,success
REAL001209,Shopping Mall,withdrawal,100.0,2026-02-21 19:50:05.383051,CUST5960,success
REAL001210,University Campus,balance_check,0.0,2026-04-09 23:18:05.383295,CUST1595,success
REAL001211,Hospital Complex,balance_check,0.0,2026-03-16 16:05:05.383488,CUST1947,success
REAL001212,Downtown Branch,withdrawal,180.0,2026-03-31 15:00:05.383639,CUST9853,success
REAL001213,University Campus,withdrawal,140.0,2026-04-19 02:37:05.383834,CUST8989,success
REAL001214,Airport Terminal,withdrawal,300.0,2026-03-14 18:43:05.384065,CUST5661,success
REAL001215,Shopping Mall,deposit,533.88,2026-04-02 18:16:05.384289,CUST9998,success
REAL001216,Hospital Complex,withdrawal,160.0,2026-03-22 12:53:05.384456,CUST1619,success
REAL001217,Shopping Mall,balance_check,0.0,2026-03-17 03:52:05.384703,CUST3711,success
REAL001218,Hospital Complex,withdrawal,500.0,2026-04-07 20:46:05.384864,CUST7513,success
REAL001219,Shopping Mall,withdrawal,120.0,2026-02-20 21:24:05.385064,CUST5735,failed
REAL001220,Downtown Branch,deposit,327.67,2026-04-10 03:45:05.385293,CUST2919,success
REAL001221,Airport Terminal,withdrawal,60.0,2026-03-17 08:13:05.385471,CUST1400,success
REAL001222,Hospital Complex,balance_check,0.0,2026-04-15 06:12:05.385679,CUST4339,success
REAL001223,University Campus,withdrawal,200.0,2026-04-18 18:42:05.385886,CUST8470,failed
REAL001224,Shopping Mall,transfer,898.35,2026-03-11 19:24:05.386091,CUST1759,success
REAL001225,University Campus,balance_check,0.0,2026-04-02 20:05:05.386270,CUST7793,success
REAL001226,University Campus,withdrawal,300.0,2026-03-08 11:43:05.386445,CUST3249,success
REAL001227,Downtown Branch,balance_check,0.0,2026-02-28 15:48:05.386701,CUST8292,success
REAL001228,Hospital Complex,withdrawal,60.0,2026-03-02 05:27:05.386853,CUST8849,success
REAL001229,Downtown Branch,withdrawal,40.0,2026-02-18 23:32:05.387078,CUST6819,success
REAL001230,Hospital Complex,withdrawal,60.0,2026-02-19 23:26:05.387304,CUST4095,success
REAL001231,Hospital Complex,withdrawal,100.0,2026-03-14 03:49:05.387526,CUST7658,success
REAL001232,Shopping Mall,balance_check,0.0,2026-02-24 22:43:05.387752,CUST5008,success
REAL001233,Shopping Mall,withdrawal,400.0,2026-04-15 21:33:05.387912,CUST4723,success
REAL001234,Shopping Mall,withdrawal,400.0,2026-03-05 02:36:05.388159,CUST3548,success
REAL001235,Downtown Branch,withdrawal,100.0,2026-03-28 17:50:05.388404,CUST1354,success
REAL001236,University Campus,withdrawal,100.0,2026-03-12 18:45:05.388683,CUST6821,success
REAL001237,Shopping Mall,balance_check,0.0,2026-04-06 22:13:05.388880,CUST3827,success
REAL001238,Shopping Mall,withdrawal,40.0,2026-03-23 22:28:05.389047,CUST7057,success
REAL001239,Airport Terminal,withdrawal,160.0,2026-04-14 04:49:05.389207,CUST3060,success
REAL001240,Hospital Complex,withdrawal,500.0,2026-03-28 21:41:05.389369,CUST8956,success
REAL001241,Shopping Mall,withdrawal,100.0,2026-02-18 15:46:05.389594,CUST8257,success
REAL001242,Shopping Mall,withdrawal,140.0,2026-03-26 02:29:05.389831,CUST8630,success
REAL001243,Airport Terminal,withdrawal,500.0,2026-03-31 16:58:05.390098,CUST2945,success
REAL001244,Downtown Branch,withdrawal,300.0,2026-04-03 16:14:05.390296,CUST2646,failed
REAL001245,Airport Terminal,deposit,1470.87,2026-03-21 20:33:05.390488,CUST3280,success
REAL001246,Hospital Complex,withdrawal,200.0,2026-04-15 22:25:05.390753,CUST1465,success
REAL001247,University Campus,withdrawal,20.0,2026-02-24 22:12:05.391030,CUST6024,success
REAL001248,Airport Terminal,withdrawal,300.0,2026-03-23 18:42:05.391320,CUST3369,success
REAL001249,Downtown Branch,withdrawal,100.0,2026-04-12 19:26:05.391558,CUST5905,success
REAL001250,Shopping Mall,deposit,776.11,2026-02-23 03:52:05.391863,CUST4925,success
REAL001251,Airport Terminal,withdrawal,500.0,2026-04-16 15:42:05.392136,CUST5071,success
REAL001252,Hospital Complex,withdrawal,60.0,2026-03-17 22:26:05.392475,CUST9031,success
REAL001253,Downtown Branch,withdrawal,200.0,2026-04-13 18:23:05.392769,CUST5599,success
REAL001254,Shopping Mall,deposit,716.86,2026-03-24 02:33:05.393009,CUST9559,success
REAL001255,Shopping Mall,withdrawal,200.0,2026-02-24 03:08:05.393200,CUST5971,success
REAL001256,University Campus,withdrawal,200.0,2026-03-08 16:42:05.393416,CUST9625,success
REAL001257,Hospital Complex,withdrawal,300.0,2026-03-18 16:27:05.393631,CUST3567,success
REAL001258,Shopping Mall,deposit,207.77,2026-02-27 18:23:05.393844,CUST2178,success
REAL001259,Shopping Mall,withdrawal,400.0,2026-04-19 06:02:05.394002,CUST6612,success
REAL001260,Downtown Branch,balance_check,0.0,2026-02-25 18:32:05.394213,CUST1637,success
REAL001261,University Campus,withdrawal,200.0,2026-03-26 18:46:05.394386,CUST1702,success
REAL001262,University Campus,withdrawal,180.0,2026-03-29 02:39:05.394596,CUST1309,success
REAL001263,Hospital Complex,withdrawal,20.0,2026-03-08 17:02:05.394835,CUST9006,success
REAL001264,Shopping Mall,withdrawal,500.0,2026-03-17 05:37:05.395040,CUST5820,success
REAL001265,Downtown Branch,balance_check,0.0,2026-03-16 17:04:05.395298,CUST7840,success
REAL001266,Airport Terminal,balance_check,0.0,2026-03-05 23:47:05.395500,CUST5798,success
REAL001267,Hospital Complex,withdrawal,500.0,2026-03-30 22:56:05.395687,CUST3823,success
REAL001268,Hospital Complex,deposit,586.88,2026-03-24 03:13:05.396025,CUST5826,success
REAL001269,University Campus,withdrawal,200.0,2026-03-08 23:43:05.396254,CUST9712,success
REAL001270,Downtown Branch,withdrawal,120.0,2026-04-16 00:04:05.396438,CUST4574,success
REAL001271,Airport Terminal,withdrawal,20.0,2026-04-14 18:53:05.396683,CUST6294,success
REAL001272,Downtown Branch,balance_check,0.0,2026-04-11 02:56:05.396912,CUST2773,success
REAL001273,University Campus,withdrawal,20.0,2026-03-11 03:33:05.397106,CUST4524,success
REAL001274,University Campus,withdrawal,200.0,2026-03-08 02:30:05.397336,CUST4280,success
REAL001275,Shopping Mall,withdrawal,100.0,2026-04-12 18:55:05.397560,CUST5862,success
REAL001276,University Campus,withdrawal,200.0,2026-04-08 15:49:05.397756,CUST2513,success
REAL001277,University Campus,withdrawal,160.0,2026-03-23 15:15:05.397954,CUST3049,success
REAL001278,Downtown Branch,deposit,789.95,2026-03-28 10:11:05.398117,CUST9562,success
REAL001279,University Campus,withdrawal,20.0,2026-04-10 17:30:05.398322,CUST6803,success
REAL001280,Shopping Mall,withdrawal,140.0,2026-04-15 03:46:05.398553,CUST4136,success
REAL001281,University Campus,deposit,572.09,2026-02-28 18:39:05.398776,CUST6213,success
REAL001282,University Campus,balance_check,0.0,2026-02-20 16:54:05.398978,CUST3708,success
REAL001283,Airport Terminal,withdrawal,400.0,2026-03-24 17:36:05.399163,CUST2546,success
REAL001284,Airport Terminal,withdrawal,200.0,2026-03-07 02:53:05.399414,CUST3786,success
REAL001285,University Campus,withdrawal,60.0,2026-04-14 00:06:05.399668,CUST5122,success
REAL001286,Downtown Branch,withdrawal,40.0,2026-03-10 23:24:05.399914,CUST1236,success
REAL001287,Hospital Complex,withdrawal,120.0,2026-03-29 15:59:05.400154,CUST6409,success
REAL001288,Downtown Branch,withdrawal,100.0,2026-04-04 23:19:05.400389,CUST7487,success
REAL001289,Airport Terminal,deposit,1442.1,2026-03-23 23:08:05.400630,CUST9824,success
REAL001290,Shopping Mall,withdrawal,500.0,2026-03-20 15:22:05.400816,CUST4759,success
REAL001291,Shopping Mall,withdrawal,200.0,2026-03-06 08:29:05.401018,CUST9649,success
REAL001292,Downtown Branch,withdrawal,20.0,2026-04-06 15:27:05.401259,CUST7439,success
REAL001293,Downtown Branch,balance_check,0.0,2026-04-14 04:07:05.401489,CUST3076,success
REAL001294,Hospital Complex,withdrawal,100.0,2026-03-28 02:36:05.401677,CUST9471,success
REAL001295,Airport Terminal,withdrawal,300.0,2026-02-18 15:30:05.401912,CUST2059,success
REAL001296,Shopping Mall,balance_check,0.0,2026-03-29 03:20:05.402140,CUST9096,success
REAL001297,Airport Terminal,balance_check,0.0,2026-03-31 18:03:05.402302,CUST8637,success
REAL001298,Hospital Complex,withdrawal,180.0,2026-03-03 18:25:05.402493,CUST1336,success
REAL001299,Shopping Mall,transfer,489.24,2026-02-18 15:56:05.402754,CUST2408,success
REAL001300,Hospital Complex,balance_check,0.0,2026-03-15 19:55:05.402921,CUST5098,success
REAL001301,Hospital Complex,withdrawal,300.0,2026-03-15 08:18:05.403077,CUST8543,success
REAL001302,Hospital Complex,withdrawal,140.0,2026-03-28 22:53:05.403268,CUST3029,success
REAL001303,Shopping Mall,withdrawal,160.0,2026-03-12 15:29:05.403494,CUST4427,success
REAL001304,Hospital Complex,withdrawal,300.0,2026-03-05 16:40:05.403751,CUST2787,success
REAL001305,Hospital Complex,withdrawal,300.0,2026-04-04 06:33:05.403964,CUST4973,success
REAL001306,University Campus,withdrawal,120.0,2026-03-07 16:32:05.404209,CUST6291,success
REAL001307,Downtown Branch,balance_check,0.0,2026-03-08 15:15:05.404461,CUST8366,success
REAL001308,University Campus,withdrawal,300.0,2026-04-15 19:07:05.404618,CUST5050,success
REAL001309,University Campus,withdrawal,500.0,2026-04-03 16:00:05.405026,CUST8720,success
REAL001310,Shopping Mall,withdrawal,300.0,2026-04-09 02:01:05.405254,CUST3631,failed
REAL001311,Airport Terminal,withdrawal,200.0,2026-03-17 01:12:05.405400,CUST8463,success
REAL001312,University Campus,withdrawal,500.0,2026-02-19 03:10:05.405557,CUST8276,success
REAL001313,Downtown Branch,withdrawal,20.0,2026-03-10 03:33:05.405711,CUST7792,success
REAL001314,University Campus,withdrawal,200.0,2026-03-19 10:24:05.405841,CUST8928,success
REAL001315,Airport Terminal,balance_check,0.0,2026-04-19 03:55:05.405996,CUST9408,failed
REAL001316,University Campus,withdrawal,500.0,2026-02-23 17:02:05.406127,CUST6623,success
REAL001317,Downtown Branch,withdrawal,400.0,2026-03-19 04:42:05.406258,CUST8746,success
REAL001318,Shopping Mall,balance_check,0.0,2026-04-04 23:37:05.406414,CUST8836,success
REAL001319,University Campus,withdrawal,120.0,2026-02-20 18:25:05.406520,CUST9708,success
REAL001320,Shopping Mall,withdrawal,300.0,2026-03-14 15:23:05.406668,CUST8865,success
REAL001321,Shopping Mall,balance_check,0.0,2026-04-07 16:08:05.406824,CUST4057,success
REAL001322,Hospital Complex,balance_check,0.0,2026-03-24 15:16:05.406952,CUST8053,success
REAL001323,University Campus,withdrawal,120.0,2026-02-24 00:03:05.407101,CUST3521,success
REAL001324,University Campus,withdrawal,500.0,2026-04-06 03:32:05.407350,CUST4154,success
REAL001325,Airport Terminal,withdrawal,120.0,2026-02-19 02:56:05.407508,CUST5253,success
REAL001326,University Campus,withdrawal,200.0,2026-03-28 19:04:05.407661,CUST9102,success
REAL001327,University Campus,transfer,811.66,2026-04-07 23:55:05.407835,CUST6196,success
REAL001328,Shopping Mall,deposit,1511.19,2026-03-25 03:41:05.408052,CUST6707,success
REAL001329,University Campus,balance_check,0.0,2026-03-12 16:06:05.408326,CUST5886,success
REAL001330,University Campus,withdrawal,60.0,2026-04-12 06:50:05.408519,CUST5090,success
REAL001331,Airport Terminal,deposit,1249.39,2026-03-18 20:56:05.408784,CUST1226,success
REAL001332,Downtown Branch,balance_check,0.0,2026-04-18 17:28:05.409094,CUST1870,success
REAL001333,Hospital Complex,balance_check,0.0,2026-03-28 03:54:05.409384,CUST1589,success
REAL001334,University Campus,withdrawal,40.0,2026-03-26 12:17:05.409575,CUST7837,success
REAL001335,University Campus,withdrawal,200.0,2026-04-17 18:12:05.409747,CUST8017,success
REAL001336,University Campus,balance_check,0.0,2026-02-20 23:59:05.409973,CUST8890,success
REAL001337,Hospital Complex,withdrawal,160.0,2026-04-13 18:59:05.410338,CUST7118,success
REAL001338,Downtown Branch,withdrawal,300.0,2026-02-28 23:58:05.410513,CUST4748,success
REAL001339,Shopping Mall,balance_check,0.0,2026-03-16 10:35:05.410647,CUST5035,success
REAL001340,Downtown Branch,transfer,627.8,2026-02-24 17:30:05.410786,CUST3466,success
REAL001341,Airport Terminal,withdrawal,400.0,2026-03-21 19:03:05.410930,CUST2508,success
REAL001342,Shopping Mall,withdrawal,500.0,2026-03-18 17:33:05.411102,CUST6278,success
REAL001343,Downtown Branch,withdrawal,300.0,2026-03-31 15:25:05.411276,CUST6386,success
REAL001344,Shopping Mall,withdrawal,500.0,2026-02-22 22:31:05.411433,CUST6767,success
REAL001345,University Campus,withdrawal,200.0,2026-02-24 04:35:05.411563,CUST5314,success
REAL001346,University Campus,deposit,1800.7,2026-03-01 23:42:05.411723,CUST9772,success
REAL001347,Airport Terminal,deposit,367.46,2026-04-11 18:31:05.411863,CUST2886,success
REAL001348,Hospital Complex,withdrawal,200.0,2026-04-11 22:34:05.411974,CUST7611,success
REAL001349,Airport Terminal,withdrawal,100.0,2026-03-30 18:45:05.412167,CUST5050,success
REAL001350,Hospital Complex,withdrawal,100.0,2026-02-19 02:14:05.412345,CUST8635,success
REAL001351,Airport Terminal,balance_check,0.0,2026-03-16 10:22:05.412475,CUST1309,failed
REAL001352,Downtown Branch,withdrawal,200.0,2026-02-27 23:14:05.412608,CUST6353,success
REAL001353,Downtown Branch,balance_check,0.0,2026-03-26 23:54:05.412762,CUST5369,success
REAL001354,Shopping Mall,withdrawal,100.0,2026-04-04 03:29:05.412904,CUST3925,success
REAL001355,Airport Terminal,withdrawal,60.0,2026-04-03 02:20:05.413034,CUST4980,failed
REAL001356,Airport Terminal,withdrawal,200.0,2026-03-31 02:47:05.413191,CUST1557,success
REAL001357,Airport Terminal,withdrawal,40.0,2026-03-28 03:54:05.413347,CUST9645,success
REAL001358,Shopping Mall,withdrawal,100.0,2026-03-10 15:41:05.413476,CUST4454,success
REAL001359,Airport Terminal,withdrawal,200.0,2026-04-17 12:55:05.413617,CUST7079,success
REAL001360,Airport Terminal,withdrawal,200.0,2026-03-09 22:33:05.413771,CUST5231,success
REAL001361,Downtown Branch,withdrawal,400.0,2026-04-07 00:40:05.413900,CUST2331,success
REAL001362,Hospital Complex,withdrawal,20.0,2026-04-04 15:16:05.414062,CUST4983,success
REAL001363,Airport Terminal,balance_check,0.0,2026-04-03 03:00:05.414236,CUST1559,success
REAL001364,Downtown Branch,withdrawal,140.0,2026-03-02 03:17:05.414368,CUST7911,success
REAL001365,Airport Terminal,withdrawal,20.0,2026-04-13 18:39:05.414522,CUST5682,success
REAL001366,University Campus,withdrawal,120.0,2026-02-27 16:21:05.414682,CUST8970,success
REAL001367,University Campus,withdrawal,200.0,2026-03-20 08:44:05.414811,CUST5849,success
REAL001368,Shopping Mall,balance_check,0.0,2026-03-29 20:26:05.414943,CUST4606,failed
REAL001369,Downtown Branch,withdrawal,100.0,2026-03-15 18:29:05.415075,CUST3631,success
REAL001370,Airport Terminal,withdrawal,180.0,2026-03-04 05:45:05.415204,CUST6196,success
REAL001371,Shopping Mall,withdrawal,40.0,2026-03-14 06:49:05.415346,CUST5087,success
REAL001372,Hospital Complex,withdrawal,200.0,2026-03-29 04:16:05.415484,CUST4904,success
REAL001373,Hospital Complex,deposit,1000.14,2026-03-13 19:01:05.415639,CUST5860,success
REAL001374,University Campus,withdrawal,100.0,2026-03-23 16:02:05.415780,CUST5754,success
REAL001375,Airport Terminal,balance_check,0.0,2026-03-30 15:59:05.415933,CUST2620,failed
REAL001376,Shopping Mall,deposit,122.35,2026-03-09 03:35:05.416061,CUST9950,success
REAL001377,University Campus,balance_check,0.0,2026-04-12 17:53:05.416217,CUST4307,success
REAL001378,Hospital Complex,withdrawal,120.0,2026-02-20 22:57:05.416345,CUST5537,success
REAL001379,University Campus,withdrawal,300.0,2026-03-24 15:42:05.416498,CUST2263,success
REAL001380,Downtown Branch,balance_check,0.0,2026-04-02 22:43:05.416651,CUST2351,success
REAL001381,Hospital Complex,withdrawal,180.0,2026-03-21 03:55:05.416780,CUST2022,success
REAL001382,Shopping Mall,deposit,782.23,2026-03-15 18:14:05.416938,CUST9983,success
REAL001383,Shopping Mall,balance_check,0.0,2026-02-21 00:07:05.417076,CUST9702,success
REAL001384,Shopping Mall,deposit,466.33,2026-04-01 23:00:05.417204,CUST7935,success
REAL001385,Downtown Branch,withdrawal,300.0,2026-03-18 02:46:05.417339,CUST2381,success
REAL001386,University Campus,withdrawal,160.0,2026-03-25 03:08:05.417492,CUST5748,success
REAL001387,University Campus,balance_check,0.0,2026-03-03 17:25:05.417645,CUST4414,success
REAL001388,Downtown Branch,transfer,482.7,2026-02-21 06:39:05.417785,CUST8511,success
REAL001389,Downtown Branch,withdrawal,80.0,2026-03-20 04:07:05.418280,CUST1507,success
REAL001390,Shopping Mall,balance_check,0.0,2026-02-24 17:43:05.418805,CUST4232,success
REAL001391,University Campus,withdrawal,200.0,2026-02-21 22:41:05.419017,CUST7752,success
REAL001392,University Campus,withdrawal,200.0,2026-03-07 03:06:05.419194,CUST5491,success
REAL001393,Hospital Complex,withdrawal,100.0,2026-04-09 15:21:05.419353,CUST9159,success
REAL001394,Shopping Mall,withdrawal,500.0,2026-02-25 18:51:05.419507,CUST1791,success
REAL001395,Downtown Branch,transfer,628.25,2026-02-22 17:36:05.419676,CUST3977,success
REAL001396,University Campus,withdrawal,80.0,2026-02-18 16:47:05.419819,CUST7764,success
REAL001397,University Campus,withdrawal,120.0,2026-03-14 23:33:05.419974,CUST7533,success
REAL001398,University Campus,withdrawal,300.0,2026-03-14 22:59:05.420134,CUST7211,success
REAL001399,Shopping Mall,withdrawal,500.0,2026-03-26 03:55:05.420289,CUST5899,success
REAL001400,Shopping Mall,deposit,1948.43,2026-03-12 17:10:05.420441,CUST6062,success
REAL001401,Hospital Complex,transfer,742.46,2026-03-09 17:54:05.420607,CUST8590,success
REAL001402,Downtown Branch,withdrawal,120.0,2026-03-17 02:23:05.420719,CUST9382,success
REAL001403,Downtown Branch,deposit,407.25,2026-04-10 19:01:05.420876,CUST9722,success
REAL001404,Shopping Mall,balance_check,0.0,2026-03-03 18:23:05.421015,CUST6429,success
REAL001405,Shopping Mall,withdrawal,100.0,2026-03-22 23:50:05.421149,CUST2706,success
REAL001406,Hospital Complex,balance_check,0.0,2026-02-22 17:11:05.421309,CUST3713,success
REAL001407,Airport Terminal,withdrawal,200.0,2026-03-02 03:49:05.421438,CUST3303,success
REAL001408,Downtown Branch,withdrawal,20.0,2026-03-10 14:46:05.421568,CUST6608,success
REAL001409,Downtown Branch,withdrawal,180.0,2026-03-26 16:48:05.421724,CUST2561,success
REAL001410,University Campus,withdrawal,100.0,2026-04-04 17:30:05.421877,CUST1793,success
REAL001411,Airport Terminal,deposit,921.32,2026-04-13 21:42:05.422006,CUST6309,success
REAL001412,Airport Terminal,balance_check,0.0,2026-03-29 15:31:05.422145,CUST1179,success
REAL001413,University Campus,withdrawal,500.0,2026-03-29 16:52:05.422283,CUST6285,success
REAL001414,Shopping Mall,balance_check,0.0,2026-02-26 20:20:05.422413,CUST6054,success
REAL001415,Shopping Mall,withdrawal,200.0,2026-03-31 18:24:05.422566,CUST5570,success
REAL001416,Airport Terminal,balance_check,0.0,2026-02-24 00:42:05.422701,CUST6267,success
REAL001417,Hospital Complex,withdrawal,500.0,2026-03-20 02:31:05.422832,CUST9063,success
REAL001418,Shopping Mall,withdrawal,80.0,2026-03-25 02:55:05.422984,CUST2655,success
REAL001419,Airport Terminal,withdrawal,120.0,2026-04-13 15:49:05.423137,CUST4123,success
REAL001420,University Campus,deposit,1625.08,2026-04-02 23:16:05.423292,CUST2976,success
REAL001421,Hospital Complex,withdrawal,200.0,2026-03-29 03:41:05.423450,CUST9689,success
REAL001422,Hospital Complex,withdrawal,80.0,2026-04-07 11:19:05.423589,CUST4090,success
REAL001423,Airport Terminal,withdrawal,500.0,2026-03-07 23:41:05.423750,CUST6538,success
REAL001424,University Campus,deposit,1928.35,2026-04-11 23:45:05.423904,CUST6431,success
REAL001425,Downtown Branch,withdrawal,120.0,2026-03-13 16:53:05.424046,CUST1693,success
REAL001426,Downtown Branch,withdrawal,120.0,2026-03-15 03:22:05.424178,CUST6973,success
REAL001427,Shopping Mall,transfer,695.42,2026-03-31 15:44:05.424338,CUST4657,success
REAL001428,Airport Terminal,withdrawal,80.0,2026-02-19 05:32:05.424454,CUST2404,success
REAL001429,Downtown Branch,deposit,944.35,2026-04-09 18:52:05.424636,CUST2711,success
REAL001430,Downtown Branch,withdrawal,100.0,2026-03-29 03:46:05.424776,CUST4667,success
REAL001431,Downtown Branch,balance_check,0.0,2026-03-22 16:50:05.425012,CUST2082,success
REAL001432,Hospital Complex,withdrawal,120.0,2026-03-02 03:52:05.425294,CUST2681,success
REAL001433,Hospital Complex,withdrawal,100.0,2026-02-18 15:27:05.425525,CUST9948,success
REAL001434,Shopping Mall,withdrawal,60.0,2026-02-24 03:41:05.425770,CUST2792,success
REAL001435,Airport Terminal,withdrawal,180.0,2026-04-15 03:50:05.426025,CUST7118,success
REAL001436,University Campus,transfer,85.68,2026-02-28 15:44:05.426246,CUST2774,success
REAL001437,Airport Terminal,withdrawal,500.0,2026-02-20 16:08:05.426437,CUST9636,success
REAL001438,Shopping Mall,withdrawal,20.0,2026-03-17 19:05:05.426671,CUST8000,success
REAL001439,Shopping Mall,withdrawal,160.0,2026-03-26 23:58:05.426891,CUST3387,success
REAL001440,University Campus,balance_check,0.0,2026-02-22 16:40:05.427185,CUST8535,success
REAL001441,Downtown Branch,withdrawal,200.0,2026-03-29 03:27:05.427376,CUST6008,success
REAL001442,Hospital Complex,withdrawal,200.0,2026-03-05 02:50:05.427622,CUST4944,success
REAL001443,Airport Terminal,withdrawal,200.0,2026-03-01 23:50:05.427829,CUST6761,success
REAL001444,Hospital Complex,withdrawal,80.0,2026-02-24 19:04:05.428107,CUST5367,success
REAL001445,Shopping Mall,withdrawal,160.0,2026-03-04 22:38:05.428333,CUST3517,success
REAL001446,Downtown Branch,balance_check,0.0,2026-03-31 02:10:05.428559,CUST2596,success
REAL001447,University Campus,withdrawal,200.0,2026-04-18 17:16:05.428758,CUST8981,success
REAL001448,Airport Terminal,withdrawal,500.0,2026-02-25 18:03:05.428986,CUST6643,success
REAL001449,Downtown Branch,balance_check,0.0,2026-04-17 00:07:05.429225,CUST8970,success
REAL001450,University Campus,withdrawal,60.0,2026-02-24 02:58:05.429400,CUST3665,success
REAL001451,University Campus,withdrawal,200.0,2026-04-16 03:49:05.429595,CUST8336,success
REAL001452,Hospital Complex,transfer,239.67,2026-03-13 03:16:05.429758,CUST7641,success
REAL001453,Airport Terminal,deposit,1336.67,2026-03-03 16:02:05.429936,CUST6248,success
REAL001454,Airport Terminal,withdrawal,400.0,2026-02-27 20:04:05.430115,CUST7897,success
REAL001455,Hospital Complex,withdrawal,400.0,2026-03-19 22:19:05.430311,CUST1703,success
REAL001456,Downtown Branch,withdrawal,200.0,2026-02-25 03:37:05.430570,CUST5299,success
REAL001457,Airport Terminal,withdrawal,80.0,2026-03-22 18:12:05.430794,CUST3105,success
REAL001458,Shopping Mall,balance_check,0.0,2026-04-12 19:57:05.430983,CUST7764,success
REAL001459,University Campus,withdrawal,40.0,2026-04-16 03:24:05.431172,CUST7114,success
REAL001460,Hospital Complex,balance_check,0.0,2026-04-16 03:36:05.431411,CUST5076,success
REAL001461,Airport Terminal,withdrawal,60.0,2026-02-24 15:45:05.431610,CUST2810,success
REAL001462,University Campus,withdrawal,300.0,2026-03-26 17:54:05.431807,CUST4076,success
REAL001463,University Campus,withdrawal,80.0,2026-02-25 17:32:05.432070,CUST5039,success
REAL001464,University Campus,withdrawal,20.0,2026-02-28 02:25:05.432311,CUST6902,success
REAL001465,Airport Terminal,withdrawal,120.0,2026-03-19 18:25:05.432509,CUST7373,success
REAL001466,Hospital Complex,withdrawal,200.0,2026-03-31 02:14:05.432742,CUST2281,success
REAL001467,Shopping Mall,withdrawal,200.0,2026-03-08 20:33:05.432932,CUST5784,success
REAL001468,University Campus,deposit,522.79,2026-03-01 01:10:05.433132,CUST4005,pending
REAL001469,Airport Terminal,deposit,1731.63,2026-03-22 16:44:05.433308,CUST9045,success
REAL001470,Airport Terminal,withdrawal,160.0,2026-04-02 10:56:05.433480,CUST4761,success
REAL001471,University Campus,withdrawal,500.0,2026-04-09 17:47:05.433710,CUST8289,success
REAL001472,Downtown Branch,withdrawal,200.0,2026-02-26 15:33:05.434737,CUST3836,success
REAL001473,Hospital Complex,withdrawal,200.0,2026-02-23 05:05:05.435084,CUST5722,success
REAL001474,Hospital Complex,deposit,782.95,2026-03-14 15:12:05.435262,CUST8250,success
REAL001475,Shopping Mall,withdrawal,180.0,2026-02-21 17:41:05.435485,CUST9526,success
REAL001476,Airport Terminal,withdrawal,180.0,2026-04-16 15:51:05.435773,CUST9056,success
REAL001477,Airport Terminal,withdrawal,400.0,2026-02-23 15:17:05.436055,CUST7787,success
REAL001478,Shopping Mall,withdrawal,60.0,2026-03-30 09:16:05.436281,CUST8851,success
REAL001479,University Campus,balance_check,0.0,2026-03-06 03:43:05.436482,CUST7106,success
REAL001480,Hospital Complex,deposit,976.17,2026-02-27 02:13:05.436589,CUST9512,success
REAL001481,Hospital Complex,balance_check,0.0,2026-03-18 04:51:05.436704,CUST4281,success
REAL001482,Downtown Branch,deposit,417.38,2026-03-14 18:36:05.436834,CUST1347,success
REAL001483,Hospital Complex,balance_check,0.0,2026-04-04 14:32:05.436945,CUST1148,success
REAL001484,Airport Terminal,withdrawal,500.0,2026-03-02 02:37:05.437075,CUST7670,failed
REAL001485,Hospital Complex,withdrawal,300.0,2026-04-10 23:02:05.437229,CUST4767,pending
REAL001486,Downtown Branch,deposit,1164.01,2026-03-14 17:16:05.437383,CUST2896,success
REAL001487,Hospital Complex,withdrawal,100.0,2026-03-04 22:54:05.437495,CUST4139,success
REAL001488,Shopping Mall,withdrawal,200.0,2026-04-13 15:14:05.437653,CUST9138,success
REAL001489,Hospital Complex,withdrawal,80.0,2026-03-17 23:21:05.437806,CUST7283,success
REAL001490,University Campus,withdrawal,300.0,2026-03-06 15:12:05.437976,CUST9046,success
REAL001491,University Campus,deposit,1319.03,2026-02-27 17:48:05.438129,CUST7841,success
REAL001492,University Campus,balance_check,0.0,2026-03-16 22:13:05.438269,CUST5353,success
REAL001493,University Campus,balance_check,0.0,2026-03-18 17:59:05.438421,CUST9816,success
REAL001494,Downtown Branch,withdrawal,60.0,2026-02-24 03:37:05.438552,CUST5244,success
REAL001495,Hospital Complex,withdrawal,200.0,2026-03-03 16:19:05.438705,CUST1753,success
REAL001496,Downtown Branch,withdrawal,300.0,2026-03-02 17:46:05.438858,CUST8892,success
REAL001497,Airport Terminal,withdrawal,100.0,2026-02-20 17:54:05.439011,CUST3291,success
REAL001498,Hospital Complex,withdrawal,200.0,2026-04-04 00:00:05.439178,CUST9166,success
REAL001499,Downtown Branch,withdrawal,200.0,2026-04-11 17:50:05.439420,CUST3493,success
REAL001500,Shopping Mall,withdrawal,100.0,2026-03-14 03:01:05.439586,CUST2284,success
